# Migration is number of nodes that have changed color.

Round		Edge-Cut		Swaps		Migrations		Skipped
0		8852		4719		2995
1		7479		7955		2968
2		6639		10270		3108
3		6006		12185		3156
4		5458		13813		3197
5		5025		15187		3188
6		4629		16346		3201
7		4317		17334		3197
8		4082		18197		3205
9		3895		18902		3200
10		3789		19553		3206
11		3646		20151		3202
12		3532		20731		3216
13		3443		21208		3199
14		3338		21647		3216
15		3225		22083		3218
16		3145		22435		3252
17		3066		22791		3236
18		3042		23110		3226
19		2995		23454		3236
20		2903		23726		3226
21		2866		23996		3233
22		2848		24237		3254
23		2824		24486		3246
24		2785		24698		3250
25		2767		24879		3255
26		2750		25076		3261
27		2720		25270		3258
28		2696		25480		3255
29		2666		25692		3256
30		2665		25864		3261
31		2639		26061		3241
32		2589		26250		3242
33		2555		26395		3240
34		2532		26528		3255
35		2518		26691		3259
36		2514		26821		3262
37		2471		26988		3258
38		2464		27133		3263
39		2435		27287		3262
40		2421		27412		3260
41		2404		27529		3260
42		2394		27659		3267
43		2419		27789		3264
44		2405		27933		3263
45		2377		28102		3270
46		2367		28259		3259
47		2336		28370		3246
48		2329		28476		3245
49		2318		28595		3251
50		2313		28675		3253
51		2315		28785		3257
52		2306		28883		3251
53		2297		28987		3252
54		2278		29082		3245
55		2273		29171		3255
56		2266		29272		3256
57		2258		29357		3262
58		2241		29444		3266
59		2236		29526		3262
60		2221		29624		3276
61		2218		29733		3262
62		2200		29803		3282
63		2189		29863		3289
64		2179		29939		3286
65		2167		29987		3277
66		2155		30045		3285
67		2149		30087		3284
68		2149		30137		3286
69		2141		30197		3279
70		2120		30260		3282
71		2115		30303		3280
72		2109		30343		3273
73		2113		30401		3277
74		2115		30450		3276
75		2100		30523		3275
76		2096		30597		3276
77		2084		30683		3286
78		2089		30739		3287
79		2078		30807		3281
80		2075		30862		3288
81		2068		30928		3293
82		2061		30988		3286
83		2059		31051		3287
84		2046		31100		3287
85		2037		31129		3290
86		2033		31148		3295
87		2027		31185		3294
88		2023		31207		3294
89		2017		31231		3295
90		2004		31258		3295
91		2008		31277		3296
92		2012		31300		3298
93		2005		31323		3301
94		2003		31346		3301
95		1998		31368		3298
96		1999		31393		3294
97		1991		31416		3299
98		1994		31429		3296
99		1992		31445		3298
100		1989		31453		3296
101		1987		31466		3300
102		1984		31480		3302
103		1985		31493		3300
104		1987		31508		3303
105		1984		31523		3305
106		1984		31533		3306
107		1987		31543		3307
108		1984		31554		3307
109		1985		31568		3309
110		1982		31603		3311
111		1986		31627		3310
112		1987		31656		3311
113		1981		31681		3310
114		1968		31713		3313
115		1965		31727		3310
116		1958		31743		3306
117		1954		31766		3306
118		1952		31772		3308
119		1959		31781		3308
120		1956		31788		3308
121		1958		31803		3307
122		1954		31813		3307
123		1960		31820		3308
124		1963		31842		3307
125		1961		31859		3303
126		1955		31881		3301
127		1955		31908		3301
128		1954		31932		3300
129		1954		31953		3300
130		1945		31986		3302
131		1945		31998		3303
132		1946		32012		3299
133		1946		32027		3299
134		1946		32055		3301
135		1963		32095		3299
136		1959		32123		3301
137		1971		32167		3304
138		1956		32197		3303
139		1955		32231		3297
140		1943		32255		3308
141		1941		32278		3305
142		1938		32313		3315
143		1941		32342		3320
144		1939		32360		3317
145		1939		32372		3317
146		1934		32385		3314
147		1933		32396		3313
148		1926		32408		3317
149		1923		32422		3316
150		1928		32433		3318
151		1933		32449		3314
152		1929		32468		3316
153		1928		32483		3316
154		1930		32496		3314
155		1921		32511		3314
156		1919		32521		3317
157		1921		32531		3315
158		1924		32543		3316
159		1922		32553		3318
160		1918		32559		3318
161		1918		32570		3317
162		1917		32578		3317
163		1913		32590		3314
164		1909		32600		3314
165		1915		32621		3316
166		1912		32634		3316
167		1909		32647		3314
168		1905		32657		3313
169		1905		32663		3314
170		1902		32669		3313
171		1903		32673		3313
172		1902		32677		3313
173		1902		32683		3313
174		1899		32685		3313
175		1899		32686		3314
176		1899		32686		3314
177		1899		32687		3313
178		1900		32690		3316
179		1899		32691		3315
180		1899		32691		3315
181		1899		32692		3314
182		1899		32693		3315
183		1899		32695		3315
184		1899		32697		3315
185		1898		32699		3315
186		1898		32699		3315
187		1898		32699		3315
188		1898		32699		3315
189		1898		32699		3315
190		1898		32699		3315
191		1898		32699		3315
192		1898		32699		3315
193		1898		32699		3315
194		1898		32699		3315
195		1897		32700		3317
196		1897		32700		3317
197		1897		32700		3317
198		1896		32701		3316
199		1897		32702		3316
200		1896		32706		3317
201		1896		32712		3317
202		1897		32717		3318
203		1899		32721		3318
204		1893		32738		3318
205		1895		32744		3316
206		1894		32750		3316
207		1895		32754		3316
208		1894		32762		3316
209		1895		32768		3318
210		1897		32770		3318
211		1893		32778		3318
212		1895		32782		3317
213		1893		32788		3316
214		1895		32792		3317
215		1894		32795		3315
216		1894		32798		3316
217		1890		32805		3315
218		1890		32807		3315
219		1890		32809		3315
220		1888		32817		3316
221		1887		32824		3314
222		1887		32829		3313
223		1887		32837		3314
224		1888		32842		3317
225		1886		32848		3315
226		1884		32853		3313
227		1885		32856		3316
228		1883		32857		3315
229		1883		32858		3315
230		1882		32861		3315
231		1882		32861		3315
232		1884		32865		3312
233		1884		32874		3311
234		1883		32884		3311
235		1881		32890		3312
236		1883		32905		3310
237		1883		32911		3312
238		1883		32919		3311
239		1875		32926		3309
240		1876		32933		3314
241		1876		32949		3315
242		1875		32955		3316
243		1881		32967		3316
244		1879		32973		3316
245		1877		32980		3316
246		1874		32989		3316
247		1870		32995		3315
248		1870		32999		3315
249		1872		33003		3315
250		1875		33008		3315
251		1871		33012		3315
252		1869		33015		3315
253		1869		33016		3316
254		1869		33017		3315
255		1869		33018		3316
256		1869		33018		3316
257		1869		33019		3315
258		1869		33020		3316
259		1869		33022		3316
260		1869		33024		3316
261		1869		33025		3315
262		1868		33026		3316
263		1868		33028		3316
264		1869		33029		3316
265		1868		33032		3314
266		1868		33032		3314
267		1868		33034		3314
268		1869		33036		3314
269		1868		33038		3314
270		1870		33043		3313
271		1866		33045		3313
272		1866		33045		3313
273		1866		33045		3313
274		1866		33045		3313
275		1866		33045		3313
276		1866		33045		3313
277		1866		33045		3313
278		1866		33045		3313
279		1866		33045		3313
280		1866		33045		3313
281		1866		33045		3313
282		1866		33045		3313
283		1866		33045		3313
284		1866		33045		3313
285		1866		33045		3313
286		1866		33045		3313
287		1866		33045		3313
288		1866		33045		3313
289		1866		33045		3313
290		1866		33045		3313
291		1866		33045		3313
292		1866		33045		3313
293		1866		33045		3313
294		1866		33045		3313
295		1866		33045		3313
296		1866		33045		3313
297		1866		33045		3313
298		1866		33045		3313
299		1866		33045		3313
300		1866		33045		3313
301		1866		33045		3313
302		1866		33045		3313
303		1866		33045		3313
304		1866		33045		3313
305		1866		33045		3313
306		1866		33045		3313
307		1866		33045		3313
308		1866		33045		3313
309		1866		33045		3313
310		1866		33045		3313
311		1866		33045		3313
312		1866		33045		3313
313		1866		33045		3313
314		1866		33045		3313
315		1866		33045		3313
316		1866		33045		3313
317		1866		33045		3313
318		1866		33045		3313
319		1866		33045		3313
320		1866		33045		3313
321		1866		33045		3313
322		1866		33045		3313
323		1866		33045		3313
324		1866		33045		3313
325		1866		33045		3313
326		1866		33045		3313
327		1866		33045		3313
328		1866		33045		3313
329		1866		33045		3313
330		1866		33045		3313
331		1866		33045		3313
332		1866		33045		3313
333		1866		33045		3313
334		1866		33045		3313
335		1866		33045		3313
336		1866		33045		3313
337		1866		33045		3313
338		1866		33045		3313
339		1866		33045		3313
340		1866		33045		3313
341		1866		33045		3313
342		1866		33045		3313
343		1866		33045		3313
344		1866		33045		3313
345		1866		33045		3313
346		1866		33045		3313
347		1866		33045		3313
348		1866		33045		3313
349		1866		33045		3313
350		1866		33045		3313
351		1866		33045		3313
352		1866		33045		3313
353		1866		33045		3313
354		1866		33045		3313
355		1866		33045		3313
356		1866		33045		3313
357		1866		33045		3313
358		1866		33045		3313
359		1866		33045		3313
360		1866		33045		3313
361		1866		33045		3313
362		1866		33045		3313
363		1866		33045		3313
364		1866		33045		3313
365		1866		33045		3313
366		1866		33045		3313
367		1866		33045		3313
368		1866		33045		3313
369		1866		33045		3313
370		1866		33045		3313
371		1866		33045		3313
372		1866		33045		3313
373		1866		33045		3313
374		1866		33045		3313
375		1866		33045		3313
376		1866		33045		3313
377		1866		33045		3313
378		1866		33045		3313
379		1866		33045		3313
380		1866		33045		3313
381		1866		33045		3313
382		1866		33045		3313
383		1866		33045		3313
384		1866		33045		3313
385		1866		33045		3313
386		1866		33045		3313
387		1866		33045		3313
388		1866		33045		3313
389		1866		33045		3313
390		1866		33045		3313
391		1866		33045		3313
392		1866		33045		3313
393		1866		33045		3313
394		1866		33045		3313
395		1866		33045		3313
396		1866		33045		3313
397		1866		33045		3313
398		1866		33045		3313
399		1866		33045		3313
400		1866		33045		3313
401		1866		33045		3313
402		1866		33045		3313
403		1866		33045		3313
404		1866		33045		3313
405		1866		33045		3313
406		1866		33045		3313
407		1866		33045		3313
408		1866		33045		3313
409		1866		33045		3313
410		1866		33045		3313
411		1866		33045		3313
412		1866		33045		3313
413		1866		33045		3313
414		1866		33045		3313
415		1866		33045		3313
416		1866		33045		3313
417		1866		33045		3313
418		1866		33045		3313
419		1866		33045		3313
420		1866		33045		3313
421		1866		33045		3313
422		1866		33045		3313
423		1866		33045		3313
424		1866		33045		3313
425		1866		33045		3313
426		1866		33045		3313
427		1866		33045		3313
428		1866		33045		3313
429		1866		33045		3313
430		1866		33045		3313
431		1866		33045		3313
432		1866		33045		3313
433		1866		33045		3313
434		1866		33045		3313
435		1866		33045		3313
436		1866		33045		3313
437		1866		33045		3313
438		1866		33045		3313
439		1866		33045		3313
440		1866		33045		3313
441		1866		33045		3313
442		1866		33045		3313
443		1866		33045		3313
444		1866		33045		3313
445		1866		33045		3313
446		1866		33045		3313
447		1866		33045		3313
448		1866		33045		3313
449		1866		33045		3313
450		1866		33045		3313
451		1866		33045		3313
452		1866		33045		3313
453		1866		33045		3313
454		1866		33045		3313
455		1866		33045		3313
456		1866		33045		3313
457		1866		33045		3313
458		1866		33045		3313
459		1866		33045		3313
460		1866		33045		3313
461		1866		33045		3313
462		1866		33045		3313
463		1866		33045		3313
464		1866		33045		3313
465		1866		33045		3313
466		1866		33045		3313
467		1866		33045		3313
468		1866		33045		3313
469		1866		33045		3313
470		1866		33045		3313
471		1866		33045		3313
472		1866		33045		3313
473		1866		33045		3313
474		1866		33045		3313
475		1866		33045		3313
476		1866		33045		3313
477		1866		33045		3313
478		1866		33045		3313
479		1866		33045		3313
480		1866		33045		3313
481		1866		33045		3313
482		1866		33045		3313
483		1866		33045		3313
484		1866		33045		3313
485		1866		33045		3313
486		1866		33045		3313
487		1866		33045		3313
488		1866		33045		3313
489		1866		33045		3313
490		1866		33045		3313
491		1866		33045		3313
492		1866		33045		3313
493		1866		33045		3313
494		1866		33045		3313
495		1866		33045		3313
496		1866		33045		3313
497		1866		33045		3313
498		1866		33045		3313
499		1866		33045		3313
500		1866		33045		3313
501		1866		33045		3313
502		1866		33045		3313
503		1866		33045		3313
504		1866		33045		3313
505		1866		33045		3313
506		1866		33045		3313
507		1866		33045		3313
508		1866		33045		3313
509		1866		33045		3313
510		1866		33045		3313
511		1866		33045		3313
512		1866		33045		3313
513		1866		33045		3313
514		1866		33045		3313
515		1866		33045		3313
516		1866		33045		3313
517		1866		33045		3313
518		1866		33045		3313
519		1866		33045		3313
520		1866		33045		3313
521		1866		33045		3313
522		1866		33045		3313
523		1866		33045		3313
524		1866		33045		3313
525		1866		33045		3313
526		1866		33045		3313
527		1866		33045		3313
528		1866		33045		3313
529		1866		33045		3313
530		1866		33045		3313
531		1866		33045		3313
532		1866		33045		3313
533		1866		33045		3313
534		1866		33045		3313
535		1866		33045		3313
536		1866		33045		3313
537		1866		33045		3313
538		1866		33045		3313
539		1866		33045		3313
540		1866		33045		3313
541		1866		33045		3313
542		1866		33045		3313
543		1866		33045		3313
544		1866		33045		3313
545		1866		33045		3313
546		1866		33045		3313
547		1866		33045		3313
548		1866		33045		3313
549		1866		33045		3313
550		1866		33045		3313
551		1866		33045		3313
552		1866		33045		3313
553		1866		33045		3313
554		1866		33045		3313
555		1866		33045		3313
556		1866		33045		3313
557		1866		33045		3313
558		1866		33045		3313
559		1866		33045		3313
560		1866		33045		3313
561		1866		33045		3313
562		1866		33045		3313
563		1866		33045		3313
564		1866		33045		3313
565		1866		33045		3313
566		1866		33045		3313
567		1866		33045		3313
568		1866		33045		3313
569		1866		33045		3313
570		1866		33045		3313
571		1866		33045		3313
572		1866		33045		3313
573		1866		33045		3313
574		1866		33045		3313
575		1866		33045		3313
576		1866		33045		3313
577		1866		33045		3313
578		1866		33045		3313
579		1866		33045		3313
580		1866		33045		3313
581		1866		33045		3313
582		1866		33045		3313
583		1866		33045		3313
584		1866		33045		3313
585		1866		33045		3313
586		1866		33045		3313
587		1866		33045		3313
588		1866		33045		3313
589		1866		33045		3313
590		1866		33045		3313
591		1866		33045		3313
592		1866		33045		3313
593		1866		33045		3313
594		1866		33045		3313
595		1866		33045		3313
596		1866		33045		3313
597		1866		33045		3313
598		1866		33045		3313
599		1866		33045		3313
600		1866		33045		3313
601		1866		33045		3313
602		1866		33045		3313
603		1866		33045		3313
604		1866		33045		3313
605		1866		33045		3313
606		1866		33045		3313
607		1866		33045		3313
608		1866		33045		3313
609		1866		33045		3313
610		1866		33045		3313
611		1866		33045		3313
612		1866		33045		3313
613		1866		33045		3313
614		1866		33045		3313
615		1866		33045		3313
616		1866		33045		3313
617		1866		33045		3313
618		1866		33045		3313
619		1866		33045		3313
620		1866		33045		3313
621		1866		33045		3313
622		1866		33045		3313
623		1866		33045		3313
624		1866		33045		3313
625		1866		33045		3313
626		1866		33045		3313
627		1866		33045		3313
628		1866		33045		3313
629		1866		33045		3313
630		1866		33045		3313
631		1866		33045		3313
632		1866		33045		3313
633		1866		33045		3313
634		1866		33045		3313
635		1866		33045		3313
636		1866		33045		3313
637		1866		33045		3313
638		1866		33045		3313
639		1866		33045		3313
640		1866		33045		3313
641		1866		33045		3313
642		1866		33045		3313
643		1866		33045		3313
644		1866		33045		3313
645		1866		33045		3313
646		1866		33045		3313
647		1866		33045		3313
648		1866		33045		3313
649		1866		33045		3313
650		1866		33045		3313
651		1866		33045		3313
652		1866		33045		3313
653		1866		33045		3313
654		1866		33045		3313
655		1866		33045		3313
656		1866		33045		3313
657		1866		33045		3313
658		1866		33045		3313
659		1866		33045		3313
660		1866		33045		3313
661		1866		33045		3313
662		1866		33045		3313
663		1866		33045		3313
664		1866		33045		3313
665		1866		33045		3313
666		1895		37763		3313
667		1893		38074		3311
668		1891		38096		3308
669		1895		38118		3311
670		1895		38136		3310
671		1890		38169		3312
672		1887		38188		3316
673		1887		38202		3316
674		1878		38216		3317
675		1880		38222		3317
676		1876		38236		3317
677		1873		38247		3315
678		1869		38258		3317
679		1869		38264		3315
680		1867		38271		3317
681		1866		38279		3317
682		1865		38287		3316
683		1864		38289		3317
684		1861		38292		3318
685		1859		38299		3318
686		1859		38303		3315
687		1858		38306		3317
688		1859		38310		3317
689		1860		38316		3316
690		1856		38317		3318
691		1856		38319		3318
692		1856		38321		3318
693		1856		38323		3318
694		1855		38324		3318
695		1855		38324		3318
696		1855		38324		3318
697		1855		38324		3318
698		1854		38325		3318
699		1854		38325		3318
700		1854		38325		3318
701		1854		38325		3318
702		1854		38325		3318
703		1853		38326		3317
704		1853		38332		3317
705		1853		38334		3319
706		1853		38337		3317
707		1851		38340		3319
708		1851		38342		3319
709		1851		38342		3319
710		1851		38345		3318
711		1850		38346		3317
712		1851		38349		3318
713		1850		38350		3319
714		1848		38351		3319
715		1848		38351		3319
716		1848		38351		3319
717		1848		38351		3319
718		1848		38351		3319
719		1848		38351		3319
720		1849		38352		3320
721		1849		38352		3320
722		1849		38352		3320
723		1849		38352		3320
724		1849		38352		3320
725		1847		38353		3319
726		1847		38353		3319
727		1846		38354		3317
728		1846		38354		3317
729		1846		38354		3317
730		1846		38354		3317
731		1846		38354		3317
732		1846		38354		3317
733		1846		38354		3317
734		1846		38354		3317
735		1846		38354		3317
736		1846		38354		3317
737		1848		38359		3318
738		1848		38361		3318
739		1845		38365		3318
740		1845		38368		3318
741		1845		38372		3318
742		1841		38377		3319
743		1841		38377		3319
744		1841		38378		3318
745		1841		38379		3318
746		1841		38383		3319
747		1842		38387		3318
748		1843		38388		3319
749		1841		38389		3317
750		1843		38393		3318
751		1843		38395		3318
752		1845		38397		3319
753		1844		38400		3319
754		1844		38402		3319
755		1843		38403		3319
756		1841		38404		3319
757		1841		38406		3319
758		1840		38407		3318
759		1840		38408		3317
760		1840		38409		3317
761		1840		38412		3317
762		1840		38415		3318
763		1839		38416		3317
764		1840		38417		3318
765		1839		38420		3319
766		1839		38424		3319
767		1839		38427		3318
768		1839		38430		3318
769		1840		38435		3319
770		1840		38440		3319
771		1840		38444		3319
772		1841		38446		3319
773		1841		38447		3320
774		1841		38450		3319
775		1841		38452		3319
776		1841		38454		3319
777		1841		38456		3319
778		1841		38458		3319
779		1835		38462		3320
780		1835		38462		3320
781		1835		38462		3320
782		1835		38462		3320
783		1835		38462		3320
784		1835		38462		3320
785		1835		38462		3320
786		1835		38462		3320
787		1835		38462		3320
788		1835		38462		3320
789		1835		38462		3320
790		1835		38462		3320
791		1835		38462		3320
792		1835		38462		3320
793		1835		38462		3320
794		1835		38462		3320
795		1835		38462		3320
796		1835		38462		3320
797		1835		38462		3320
798		1835		38462		3320
799		1835		38462		3320
800		1835		38462		3320
801		1835		38462		3320
802		1835		38462		3320
803		1835		38462		3320
804		1835		38462		3320
805		1835		38462		3320
806		1835		38462		3320
807		1835		38462		3320
808		1835		38462		3320
809		1835		38462		3320
810		1835		38462		3320
811		1835		38462		3320
812		1835		38462		3320
813		1835		38462		3320
814		1835		38462		3320
815		1835		38462		3320
816		1835		38462		3320
817		1835		38462		3320
818		1835		38462		3320
819		1835		38462		3320
820		1835		38462		3320
821		1835		38462		3320
822		1835		38462		3320
823		1835		38462		3320
824		1835		38462		3320
825		1835		38462		3320
826		1835		38462		3320
827		1835		38462		3320
828		1835		38462		3320
829		1835		38462		3320
830		1835		38462		3320
831		1835		38462		3320
832		1835		38462		3320
833		1835		38462		3320
834		1835		38462		3320
835		1835		38462		3320
836		1835		38462		3320
837		1835		38462		3320
838		1835		38462		3320
839		1835		38462		3320
840		1835		38462		3320
841		1835		38462		3320
842		1835		38462		3320
843		1835		38462		3320
844		1835		38462		3320
845		1835		38462		3320
846		1835		38462		3320
847		1835		38462		3320
848		1835		38462		3320
849		1835		38462		3320
850		1835		38462		3320
851		1835		38462		3320
852		1835		38462		3320
853		1835		38462		3320
854		1835		38462		3320
855		1835		38462		3320
856		1835		38462		3320
857		1835		38462		3320
858		1835		38462		3320
859		1835		38462		3320
860		1835		38462		3320
861		1835		38462		3320
862		1835		38462		3320
863		1835		38462		3320
864		1835		38462		3320
865		1835		38462		3320
866		1835		38462		3320
867		1835		38462		3320
868		1835		38462		3320
869		1835		38462		3320
870		1835		38462		3320
871		1835		38462		3320
872		1835		38462		3320
873		1835		38462		3320
874		1835		38462		3320
875		1835		38462		3320
876		1835		38462		3320
877		1835		38462		3320
878		1835		38462		3320
879		1835		38462		3320
880		1835		38462		3320
881		1835		38462		3320
882		1835		38462		3320
883		1835		38462		3320
884		1835		38462		3320
885		1835		38462		3320
886		1835		38462		3320
887		1835		38462		3320
888		1835		38462		3320
889		1835		38462		3320
890		1835		38462		3320
891		1835		38462		3320
892		1835		38462		3320
893		1835		38462		3320
894		1835		38462		3320
895		1835		38462		3320
896		1835		38462		3320
897		1835		38462		3320
898		1835		38462		3320
899		1835		38462		3320
900		1835		38462		3320
901		1835		38462		3320
902		1835		38462		3320
903		1835		38462		3320
904		1835		38462		3320
905		1835		38462		3320
906		1835		38462		3320
907		1835		38462		3320
908		1835		38462		3320
909		1835		38462		3320
910		1835		38462		3320
911		1835		38462		3320
912		1835		38462		3320
913		1835		38462		3320
914		1835		38462		3320
915		1835		38462		3320
916		1835		38462		3320
917		1835		38462		3320
918		1835		38462		3320
919		1835		38462		3320
920		1835		38462		3320
921		1835		38462		3320
922		1835		38462		3320
923		1835		38462		3320
924		1835		38462		3320
925		1835		38462		3320
926		1835		38462		3320
927		1835		38462		3320
928		1835		38462		3320
929		1835		38462		3320
930		1835		38462		3320
931		1835		38462		3320
932		1835		38462		3320
933		1835		38462		3320
934		1835		38462		3320
935		1835		38462		3320
936		1835		38462		3320
937		1835		38462		3320
938		1835		38462		3320
939		1835		38462		3320
940		1835		38462		3320
941		1835		38462		3320
942		1835		38462		3320
943		1835		38462		3320
944		1835		38462		3320
945		1835		38462		3320
946		1835		38462		3320
947		1835		38462		3320
948		1835		38462		3320
949		1835		38462		3320
950		1835		38462		3320
951		1835		38462		3320
952		1835		38462		3320
953		1835		38462		3320
954		1835		38462		3320
955		1835		38462		3320
956		1835		38462		3320
957		1835		38462		3320
958		1835		38462		3320
959		1835		38462		3320
960		1835		38462		3320
961		1835		38462		3320
962		1835		38462		3320
963		1835		38462		3320
964		1835		38462		3320
965		1835		38462		3320
966		1835		38462		3320
967		1835		38462		3320
968		1835		38462		3320
969		1835		38462		3320
970		1835		38462		3320
971		1835		38462		3320
972		1835		38462		3320
973		1835		38462		3320
974		1835		38462		3320
975		1835		38462		3320
976		1835		38462		3320
977		1835		38462		3320
978		1835		38462		3320
979		1835		38462		3320
980		1835		38462		3320
981		1835		38462		3320
982		1835		38462		3320
983		1835		38462		3320
984		1835		38462		3320
985		1835		38462		3320
986		1835		38462		3320
987		1835		38462		3320
988		1835		38462		3320
989		1835		38462		3320
990		1835		38462		3320
991		1835		38462		3320
992		1835		38462		3320
993		1835		38462		3320
994		1835		38462		3320
995		1835		38462		3320
996		1835		38462		3320
997		1835		38462		3320
998		1835		38462		3320
999		1835		38462		3320
1000		1835		38462		3320
1001		1835		38462		3320
1002		1835		38462		3320
1003		1835		38462		3320
1004		1835		38462		3320
1005		1835		38462		3320
1006		1835		38462		3320
1007		1835		38462		3320
1008		1835		38462		3320
1009		1835		38462		3320
1010		1835		38462		3320
1011		1835		38462		3320
1012		1835		38462		3320
1013		1835		38462		3320
1014		1835		38462		3320
1015		1835		38462		3320
1016		1835		38462		3320
1017		1835		38462		3320
1018		1835		38462		3320
1019		1835		38462		3320
1020		1835		38462		3320
1021		1835		38462		3320
1022		1835		38462		3320
1023		1835		38462		3320
1024		1835		38462		3320
1025		1835		38462		3320
1026		1835		38462		3320
1027		1835		38462		3320
1028		1835		38462		3320
1029		1835		38462		3320
1030		1835		38462		3320
1031		1835		38462		3320
1032		1835		38462		3320
1033		1835		38462		3320
1034		1835		38462		3320
1035		1835		38462		3320
1036		1835		38462		3320
1037		1835		38462		3320
1038		1835		38462		3320
1039		1835		38462		3320
1040		1835		38462		3320
1041		1835		38462		3320
1042		1835		38462		3320
1043		1835		38462		3320
1044		1835		38462		3320
1045		1835		38462		3320
1046		1835		38462		3320
1047		1835		38462		3320
1048		1835		38462		3320
1049		1835		38462		3320
1050		1835		38462		3320
1051		1835		38462		3320
1052		1835		38462		3320
1053		1835		38462		3320
1054		1835		38462		3320
1055		1835		38462		3320
1056		1835		38462		3320
1057		1835		38462		3320
1058		1835		38462		3320
1059		1835		38462		3320
1060		1835		38462		3320
1061		1835		38462		3320
1062		1835		38462		3320
1063		1835		38462		3320
1064		1835		38462		3320
1065		1835		38462		3320
1066		1835		38462		3320
1067		1835		38462		3320
1068		1835		38462		3320
1069		1835		38462		3320
1070		1835		38462		3320
1071		1835		38462		3320
1072		1835		38462		3320
1073		1835		38462		3320
1074		1835		38462		3320
1075		1835		38462		3320
1076		1835		38462		3320
1077		1835		38462		3320
1078		1835		38462		3320
1079		1835		38462		3320
1080		1835		38462		3320
1081		1835		38462		3320
1082		1835		38462		3320
1083		1835		38462		3320
1084		1835		38462		3320
1085		1835		38462		3320
1086		1835		38462		3320
1087		1835		38462		3320
1088		1835		38462		3320
1089		1835		38462		3320
1090		1835		38462		3320
1091		1835		38462		3320
1092		1835		38462		3320
1093		1835		38462		3320
1094		1835		38462		3320
1095		1835		38462		3320
1096		1835		38462		3320
1097		1835		38462		3320
1098		1835		38462		3320
1099		1835		38462		3320
1100		1835		38462		3320
1101		1835		38462		3320
1102		1835		38462		3320
1103		1835		38462		3320
1104		1835		38462		3320
1105		1835		38462		3320
1106		1835		38462		3320
1107		1835		38462		3320
1108		1835		38462		3320
1109		1835		38462		3320
1110		1835		38462		3320
1111		1835		38462		3320
1112		1835		38462		3320
1113		1835		38462		3320
1114		1835		38462		3320
1115		1835		38462		3320
1116		1835		38462		3320
1117		1835		38462		3320
1118		1835		38462		3320
1119		1835		38462		3320
1120		1835		38462		3320
1121		1835		38462		3320
1122		1835		38462		3320
1123		1835		38462		3320
1124		1835		38462		3320
1125		1835		38462		3320
1126		1835		38462		3320
1127		1835		38462		3320
1128		1835		38462		3320
1129		1835		38462		3320
1130		1835		38462		3320
1131		1835		38462		3320
1132		1835		38462		3320
1133		1835		38462		3320
1134		1835		38462		3320
1135		1835		38462		3320
1136		1835		38462		3320
1137		1835		38462		3320
1138		1835		38462		3320
1139		1835		38462		3320
1140		1835		38462		3320
1141		1835		38462		3320
1142		1835		38462		3320
1143		1835		38462		3320
1144		1835		38462		3320
1145		1835		38462		3320
1146		1835		38462		3320
1147		1835		38462		3320
1148		1835		38462		3320
1149		1835		38462		3320
1150		1835		38462		3320
1151		1835		38462		3320
1152		1835		38462		3320
1153		1835		38462		3320
1154		1835		38462		3320
1155		1835		38462		3320
1156		1835		38462		3320
1157		1835		38462		3320
1158		1835		38462		3320
1159		1835		38462		3320
1160		1835		38462		3320
1161		1835		38462		3320
1162		1835		38462		3320
1163		1835		38462		3320
1164		1835		38462		3320
1165		1835		38462		3320
1166		1835		38462		3320
1167		1835		38462		3320
1168		1835		38462		3320
1169		1835		38462		3320
1170		1835		38462		3320
1171		1835		38462		3320
1172		1835		38462		3320
1173		1835		38462		3320
1174		1835		38462		3320
1175		1835		38462		3320
1176		1835		38462		3320
1177		1835		38462		3320
1178		1835		38462		3320
1179		1835		38462		3320
1180		1835		38462		3320
1181		1835		38462		3320
1182		1835		38462		3320
1183		1835		38462		3320
1184		1835		38462		3320
1185		1835		38462		3320
1186		1835		38462		3320
1187		1835		38462		3320
1188		1835		38462		3320
1189		1835		38462		3320
1190		1835		38462		3320
1191		1835		38462		3320
1192		1835		38462		3320
1193		1835		38462		3320
1194		1835		38462		3320
1195		1835		38462		3320
1196		1835		38462		3320
1197		1835		38462		3320
1198		1835		38462		3320
1199		1835		38462		3320
1200		1835		38462		3320
1201		1835		38462		3320
1202		1835		38462		3320
1203		1835		38462		3320
1204		1835		38462		3320
1205		1835		38462		3320
1206		1835		38462		3320
1207		1835		38462		3320
1208		1835		38462		3320
1209		1835		38462		3320
1210		1835		38462		3320
1211		1835		38462		3320
1212		1835		38462		3320
1213		1835		38462		3320
1214		1835		38462		3320
1215		1835		38462		3320
1216		1835		38462		3320
1217		1835		38462		3320
1218		1835		38462		3320
1219		1835		38462		3320
1220		1835		38462		3320
1221		1835		38462		3320
1222		1835		38462		3320
1223		1835		38462		3320
1224		1835		38462		3320
1225		1835		38462		3320
1226		1835		38462		3320
1227		1835		38462		3320
1228		1835		38462		3320
1229		1835		38462		3320
1230		1835		38462		3320
1231		1835		38462		3320
1232		1835		38462		3320
1233		1835		38462		3320
1234		1835		38462		3320
1235		1835		38462		3320
1236		1835		38462		3320
1237		1835		38462		3320
1238		1835		38462		3320
1239		1835		38462		3320
1240		1835		38462		3320
1241		1835		38462		3320
1242		1835		38462		3320
1243		1835		38462		3320
1244		1835		38462		3320
1245		1835		38462		3320
1246		1835		38462		3320
1247		1835		38462		3320
1248		1835		38462		3320
1249		1835		38462		3320
1250		1835		38462		3320
1251		1835		38462		3320
1252		1835		38462		3320
1253		1835		38462		3320
1254		1835		38462		3320
1255		1835		38462		3320
1256		1835		38462		3320
1257		1835		38462		3320
1258		1835		38462		3320
1259		1835		38462		3320
1260		1835		38462		3320
1261		1835		38462		3320
1262		1835		38462		3320
1263		1835		38462		3320
1264		1835		38462		3320
1265		1835		38462		3320
1266		1835		38462		3320
1267		1835		38462		3320
1268		1835		38462		3320
1269		1835		38462		3320
1270		1835		38462		3320
1271		1835		38462		3320
1272		1835		38462		3320
1273		1835		38462		3320
1274		1835		38462		3320
1275		1835		38462		3320
1276		1835		38462		3320
1277		1835		38462		3320
1278		1835		38462		3320
1279		1835		38462		3320
1280		1835		38462		3320
1281		1835		38462		3320
1282		1835		38462		3320
1283		1835		38462		3320
1284		1835		38462		3320
1285		1835		38462		3320
1286		1835		38462		3320
1287		1835		38462		3320
1288		1835		38462		3320
1289		1835		38462		3320
1290		1835		38462		3320
1291		1835		38462		3320
1292		1835		38462		3320
1293		1835		38462		3320
1294		1835		38462		3320
1295		1835		38462		3320
1296		1835		38462		3320
1297		1835		38462		3320
1298		1835		38462		3320
1299		1835		38462		3320
1300		1835		38462		3320
1301		1835		38462		3320
1302		1835		38462		3320
1303		1835		38462		3320
1304		1835		38462		3320
1305		1835		38462		3320
1306		1835		38462		3320
1307		1835		38462		3320
1308		1835		38462		3320
1309		1835		38462		3320
1310		1835		38462		3320
1311		1835		38462		3320
1312		1835		38462		3320
1313		1835		38462		3320
1314		1835		38462		3320
1315		1835		38462		3320
1316		1835		38462		3320
1317		1835		38462		3320
1318		1835		38462		3320
1319		1835		38462		3320
1320		1835		38462		3320
1321		1835		38462		3320
1322		1835		38462		3320
1323		1835		38462		3320
1324		1835		38462		3320
1325		1835		38462		3320
1326		1835		38462		3320
1327		1835		38462		3320
1328		1835		38462		3320
1329		1835		38462		3320
1330		1835		38462		3320
1331		1835		38462		3320
1332		1879		43177		3319
1333		1869		43512		3313
1334		1868		43544		3313
1335		1859		43565		3313
1336		1855		43587		3312
1337		1866		43611		3315
1338		1859		43644		3318
1339		1862		43680		3319
1340		1858		43706		3320
1341		1848		43724		3322
1342		1847		43737		3325
1343		1842		43755		3323
1344		1839		43770		3324
1345		1840		43782		3324
1346		1839		43796		3323
1347		1837		43807		3326
1348		1840		43819		3324
1349		1838		43832		3322
1350		1839		43853		3323
1351		1845		43867		3323
1352		1839		43876		3322
1353		1837		43902		3323
1354		1835		43927		3327
1355		1831		43941		3325
1356		1830		43972		3321
1357		1829		44014		3324
1358		1823		44035		3327
1359		1825		44048		3328
1360		1828		44061		3325
1361		1828		44073		3327
1362		1827		44084		3325
1363		1826		44093		3329
1364		1825		44101		3329
1365		1821		44110		3326
1366		1825		44125		3328
1367		1822		44137		3326
1368		1824		44151		3328
1369		1820		44166		3329
1370		1815		44174		3330
1371		1818		44179		3333
1372		1816		44186		3333
1373		1813		44194		3332
1374		1814		44199		3333
1375		1815		44213		3332
1376		1817		44221		3333
1377		1814		44232		3333
1378		1812		44237		3332
1379		1812		44241		3336
1380		1813		44248		3333
1381		1814		44252		3334
1382		1811		44258		3335
1383		1807		44263		3337
1384		1806		44267		3337
1385		1806		44270		3338
1386		1806		44272		3339
1387		1808		44279		3340
1388		1807		44285		3339
1389		1804		44293		3339
1390		1805		44303		3342
1391		1800		44311		3339
1392		1801		44316		3339
1393		1802		44320		3338
1394		1798		44325		3340
1395		1796		44328		3339
1396		1796		44331		3340
1397		1796		44331		3340
1398		1796		44333		3340
1399		1795		44337		3339
1400		1796		44340		3338
1401		1795		44342		3339
1402		1793		44344		3336
1403		1793		44346		3339
1404		1794		44349		3337
1405		1793		44357		3337
1406		1791		44362		3337
1407		1792		44367		3336
1408		1794		44375		3334
1409		1795		44383		3336
1410		1793		44389		3336
1411		1793		44393		3336
1412		1794		44399		3337
1413		1796		44405		3338
1414		1793		44410		3339
1415		1796		44417		3337
1416		1793		44425		3336
1417		1793		44434		3337
1418		1794		44442		3337
1419		1794		44450		3337
1420		1797		44462		3337
1421		1793		44472		3339
1422		1791		44481		3337
1423		1789		44488		3334
1424		1789		44494		3336
1425		1788		44497		3339
1426		1788		44500		3338
1427		1791		44504		3337
1428		1789		44509		3336
1429		1788		44514		3338
1430		1787		44526		3336
1431		1786		44528		3336
1432		1786		44533		3337
1433		1786		44535		3337
1434		1784		44536		3337
1435		1784		44537		3336
1436		1784		44538		3337
1437		1784		44538		3337
1438		1784		44538		3337
1439		1784		44538		3337
1440		1782		44539		3336
1441		1782		44539		3336
1442		1782		44539		3336
1443		1782		44539		3336
1444		1782		44539		3336
1445		1782		44539		3336
1446		1782		44539		3336
1447		1782		44539		3336
1448		1781		44540		3335
1449		1781		44540		3335
1450		1781		44540		3335
1451		1780		44541		3335
1452		1780		44542		3335
1453		1780		44542		3335
1454		1780		44542		3335
1455		1780		44542		3335
1456		1780		44542		3335
1457		1778		44543		3333
1458		1778		44543		3333
1459		1777		44544		3333
1460		1777		44544		3333
1461		1778		44545		3333
1462		1778		44547		3333
1463		1779		44548		3333
1464		1780		44549		3333
1465		1779		44550		3334
1466		1779		44553		3335
1467		1777		44555		3334
1468		1777		44555		3334
1469		1777		44555		3334
1470		1776		44557		3334
1471		1776		44557		3334
1472		1776		44557		3334
1473		1774		44558		3334
1474		1774		44558		3334
1475		1774		44558		3334
1476		1774		44558		3334
1477		1774		44558		3334
1478		1774		44558		3334
1479		1774		44558		3334
1480		1774		44558		3334
1481		1774		44558		3334
1482		1774		44558		3334
1483		1774		44558		3334
1484		1774		44558		3334
1485		1774		44558		3334
1486		1774		44558		3334
1487		1774		44558		3334
1488		1774		44558		3334
1489		1774		44558		3334
1490		1774		44558		3334
1491		1774		44558		3334
1492		1774		44558		3334
1493		1774		44558		3334
1494		1774		44558		3334
1495		1774		44558		3334
1496		1774		44558		3334
1497		1774		44558		3334
1498		1774		44558		3334
1499		1774		44558		3334
1500		1774		44558		3334
1501		1774		44558		3334
1502		1774		44558		3334
1503		1774		44558		3334
1504		1774		44558		3334
1505		1774		44558		3334
1506		1774		44558		3334
1507		1774		44558		3334
1508		1774		44558		3334
1509		1774		44558		3334
1510		1774		44558		3334
1511		1774		44558		3334
1512		1774		44558		3334
1513		1774		44558		3334
1514		1774		44558		3334
1515		1774		44558		3334
1516		1774		44558		3334
1517		1774		44558		3334
1518		1774		44558		3334
1519		1774		44558		3334
1520		1774		44558		3334
1521		1774		44558		3334
1522		1774		44558		3334
1523		1774		44558		3334
1524		1774		44558		3334
1525		1774		44558		3334
1526		1774		44558		3334
1527		1774		44558		3334
1528		1774		44558		3334
1529		1774		44558		3334
1530		1774		44558		3334
1531		1774		44558		3334
1532		1774		44558		3334
1533		1774		44558		3334
1534		1774		44558		3334
1535		1774		44558		3334
1536		1774		44558		3334
1537		1774		44558		3334
1538		1774		44558		3334
1539		1774		44558		3334
1540		1774		44558		3334
1541		1774		44558		3334
1542		1774		44558		3334
1543		1774		44558		3334
1544		1774		44558		3334
1545		1774		44558		3334
1546		1774		44558		3334
1547		1774		44558		3334
1548		1774		44558		3334
1549		1774		44558		3334
1550		1774		44558		3334
1551		1774		44558		3334
1552		1774		44558		3334
1553		1774		44558		3334
1554		1774		44558		3334
1555		1774		44558		3334
1556		1774		44558		3334
1557		1774		44558		3334
1558		1774		44558		3334
1559		1774		44558		3334
1560		1774		44558		3334
1561		1774		44558		3334
1562		1774		44558		3334
1563		1774		44558		3334
1564		1774		44558		3334
1565		1774		44558		3334
1566		1774		44558		3334
1567		1774		44558		3334
1568		1774		44558		3334
1569		1774		44558		3334
1570		1774		44558		3334
1571		1774		44558		3334
1572		1774		44558		3334
1573		1774		44558		3334
1574		1774		44558		3334
1575		1774		44558		3334
1576		1774		44558		3334
1577		1774		44558		3334
1578		1774		44558		3334
1579		1774		44558		3334
1580		1774		44558		3334
1581		1774		44558		3334
1582		1774		44558		3334
1583		1774		44558		3334
1584		1774		44558		3334
1585		1774		44558		3334
1586		1774		44558		3334
1587		1774		44558		3334
1588		1774		44558		3334
1589		1774		44558		3334
1590		1774		44558		3334
1591		1774		44558		3334
1592		1774		44558		3334
1593		1774		44558		3334
1594		1774		44558		3334
1595		1774		44558		3334
1596		1774		44558		3334
1597		1774		44558		3334
1598		1774		44558		3334
1599		1774		44558		3334
1600		1774		44558		3334
1601		1774		44558		3334
1602		1774		44558		3334
1603		1774		44558		3334
1604		1774		44558		3334
1605		1774		44558		3334
1606		1774		44558		3334
1607		1774		44558		3334
1608		1774		44558		3334
1609		1774		44558		3334
1610		1774		44558		3334
1611		1774		44558		3334
1612		1774		44558		3334
1613		1774		44558		3334
1614		1774		44558		3334
1615		1774		44558		3334
1616		1774		44558		3334
1617		1774		44558		3334
1618		1774		44558		3334
1619		1774		44558		3334
1620		1774		44558		3334
1621		1774		44558		3334
1622		1774		44558		3334
1623		1774		44558		3334
1624		1774		44558		3334
1625		1774		44558		3334
1626		1774		44558		3334
1627		1774		44558		3334
1628		1774		44558		3334
1629		1774		44558		3334
1630		1774		44558		3334
1631		1774		44558		3334
1632		1774		44558		3334
1633		1774		44558		3334
1634		1774		44558		3334
1635		1774		44558		3334
1636		1774		44558		3334
1637		1774		44558		3334
1638		1774		44558		3334
1639		1774		44558		3334
1640		1774		44558		3334
1641		1774		44558		3334
1642		1774		44558		3334
1643		1774		44558		3334
1644		1774		44558		3334
1645		1774		44558		3334
1646		1774		44558		3334
1647		1774		44558		3334
1648		1774		44558		3334
1649		1774		44558		3334
1650		1774		44558		3334
1651		1774		44558		3334
1652		1774		44558		3334
1653		1774		44558		3334
1654		1774		44558		3334
1655		1774		44558		3334
1656		1774		44558		3334
1657		1774		44558		3334
1658		1774		44558		3334
1659		1774		44558		3334
1660		1774		44558		3334
1661		1774		44558		3334
1662		1774		44558		3334
1663		1774		44558		3334
1664		1774		44558		3334
1665		1774		44558		3334
1666		1774		44558		3334
1667		1774		44558		3334
1668		1774		44558		3334
1669		1774		44558		3334
1670		1774		44558		3334
1671		1774		44558		3334
1672		1774		44558		3334
1673		1774		44558		3334
1674		1774		44558		3334
1675		1774		44558		3334
1676		1774		44558		3334
1677		1774		44558		3334
1678		1774		44558		3334
1679		1774		44558		3334
1680		1774		44558		3334
1681		1774		44558		3334
1682		1774		44558		3334
1683		1774		44558		3334
1684		1774		44558		3334
1685		1774		44558		3334
1686		1774		44558		3334
1687		1774		44558		3334
1688		1774		44558		3334
1689		1774		44558		3334
1690		1774		44558		3334
1691		1774		44558		3334
1692		1774		44558		3334
1693		1774		44558		3334
1694		1774		44558		3334
1695		1774		44558		3334
1696		1774		44558		3334
1697		1774		44558		3334
1698		1774		44558		3334
1699		1774		44558		3334
1700		1774		44558		3334
1701		1774		44558		3334
1702		1774		44558		3334
1703		1774		44558		3334
1704		1774		44558		3334
1705		1774		44558		3334
1706		1774		44558		3334
1707		1774		44558		3334
1708		1774		44558		3334
1709		1774		44558		3334
1710		1774		44558		3334
1711		1774		44558		3334
1712		1774		44558		3334
1713		1774		44558		3334
1714		1774		44558		3334
1715		1774		44558		3334
1716		1774		44558		3334
1717		1774		44558		3334
1718		1774		44558		3334
1719		1774		44558		3334
1720		1774		44558		3334
1721		1774		44558		3334
1722		1774		44558		3334
1723		1774		44558		3334
1724		1774		44558		3334
1725		1774		44558		3334
1726		1774		44558		3334
1727		1774		44558		3334
1728		1774		44558		3334
1729		1774		44558		3334
1730		1774		44558		3334
1731		1774		44558		3334
1732		1774		44558		3334
1733		1774		44558		3334
1734		1774		44558		3334
1735		1774		44558		3334
1736		1774		44558		3334
1737		1774		44558		3334
1738		1774		44558		3334
1739		1774		44558		3334
1740		1774		44558		3334
1741		1774		44558		3334
1742		1774		44558		3334
1743		1774		44558		3334
1744		1774		44558		3334
1745		1774		44558		3334
1746		1774		44558		3334
1747		1774		44558		3334
1748		1774		44558		3334
1749		1774		44558		3334
1750		1774		44558		3334
1751		1774		44558		3334
1752		1774		44558		3334
1753		1774		44558		3334
1754		1774		44558		3334
1755		1774		44558		3334
1756		1774		44558		3334
1757		1774		44558		3334
1758		1774		44558		3334
1759		1774		44558		3334
1760		1774		44558		3334
1761		1774		44558		3334
1762		1774		44558		3334
1763		1774		44558		3334
1764		1774		44558		3334
1765		1774		44558		3334
1766		1774		44558		3334
1767		1774		44558		3334
1768		1774		44558		3334
1769		1774		44558		3334
1770		1774		44558		3334
1771		1774		44558		3334
1772		1774		44558		3334
1773		1774		44558		3334
1774		1774		44558		3334
1775		1774		44558		3334
1776		1774		44558		3334
1777		1774		44558		3334
1778		1774		44558		3334
1779		1774		44558		3334
1780		1774		44558		3334
1781		1774		44558		3334
1782		1774		44558		3334
1783		1774		44558		3334
1784		1774		44558		3334
1785		1774		44558		3334
1786		1774		44558		3334
1787		1774		44558		3334
1788		1774		44558		3334
1789		1774		44558		3334
1790		1774		44558		3334
1791		1774		44558		3334
1792		1774		44558		3334
1793		1774		44558		3334
1794		1774		44558		3334
1795		1774		44558		3334
1796		1774		44558		3334
1797		1774		44558		3334
1798		1774		44558		3334
1799		1774		44558		3334
1800		1774		44558		3334
1801		1774		44558		3334
1802		1774		44558		3334
1803		1774		44558		3334
1804		1774		44558		3334
1805		1774		44558		3334
1806		1774		44558		3334
1807		1774		44558		3334
1808		1774		44558		3334
1809		1774		44558		3334
1810		1774		44558		3334
1811		1774		44558		3334
1812		1774		44558		3334
1813		1774		44558		3334
1814		1774		44558		3334
1815		1774		44558		3334
1816		1774		44558		3334
1817		1774		44558		3334
1818		1774		44558		3334
1819		1774		44558		3334
1820		1774		44558		3334
1821		1774		44558		3334
1822		1774		44558		3334
1823		1774		44558		3334
1824		1774		44558		3334
1825		1774		44558		3334
1826		1774		44558		3334
1827		1774		44558		3334
1828		1774		44558		3334
1829		1774		44558		3334
1830		1774		44558		3334
1831		1774		44558		3334
1832		1774		44558		3334
1833		1774		44558		3334
1834		1774		44558		3334
1835		1774		44558		3334
1836		1774		44558		3334
1837		1774		44558		3334
1838		1774		44558		3334
1839		1774		44558		3334
1840		1774		44558		3334
1841		1774		44558		3334
1842		1774		44558		3334
1843		1774		44558		3334
1844		1774		44558		3334
1845		1774		44558		3334
1846		1774		44558		3334
1847		1774		44558		3334
1848		1774		44558		3334
1849		1774		44558		3334
1850		1774		44558		3334
1851		1774		44558		3334
1852		1774		44558		3334
1853		1774		44558		3334
1854		1774		44558		3334
1855		1774		44558		3334
1856		1774		44558		3334
1857		1774		44558		3334
1858		1774		44558		3334
1859		1774		44558		3334
1860		1774		44558		3334
1861		1774		44558		3334
1862		1774		44558		3334
1863		1774		44558		3334
1864		1774		44558		3334
1865		1774		44558		3334
1866		1774		44558		3334
1867		1774		44558		3334
1868		1774		44558		3334
1869		1774		44558		3334
1870		1774		44558		3334
1871		1774		44558		3334
1872		1774		44558		3334
1873		1774		44558		3334
1874		1774		44558		3334
1875		1774		44558		3334
1876		1774		44558		3334
1877		1774		44558		3334
1878		1774		44558		3334
1879		1774		44558		3334
1880		1774		44558		3334
1881		1774		44558		3334
1882		1774		44558		3334
1883		1774		44558		3334
1884		1774		44558		3334
1885		1774		44558		3334
1886		1774		44558		3334
1887		1774		44558		3334
1888		1774		44558		3334
1889		1774		44558		3334
1890		1774		44558		3334
1891		1774		44558		3334
1892		1774		44558		3334
1893		1774		44558		3334
1894		1774		44558		3334
1895		1774		44558		3334
1896		1774		44558		3334
1897		1774		44558		3334
1898		1774		44558		3334
1899		1774		44558		3334
1900		1774		44558		3334
1901		1774		44558		3334
1902		1774		44558		3334
1903		1774		44558		3334
1904		1774		44558		3334
1905		1774		44558		3334
1906		1774		44558		3334
1907		1774		44558		3334
1908		1774		44558		3334
1909		1774		44558		3334
1910		1774		44558		3334
1911		1774		44558		3334
1912		1774		44558		3334
1913		1774		44558		3334
1914		1774		44558		3334
1915		1774		44558		3334
1916		1774		44558		3334
1917		1774		44558		3334
1918		1774		44558		3334
1919		1774		44558		3334
1920		1774		44558		3334
1921		1774		44558		3334
1922		1774		44558		3334
1923		1774		44558		3334
1924		1774		44558		3334
1925		1774		44558		3334
1926		1774		44558		3334
1927		1774		44558		3334
1928		1774		44558		3334
1929		1774		44558		3334
1930		1774		44558		3334
1931		1774		44558		3334
1932		1774		44558		3334
1933		1774		44558		3334
1934		1774		44558		3334
1935		1774		44558		3334
1936		1774		44558		3334
1937		1774		44558		3334
1938		1774		44558		3334
1939		1774		44558		3334
1940		1774		44558		3334
1941		1774		44558		3334
1942		1774		44558		3334
1943		1774		44558		3334
1944		1774		44558		3334
1945		1774		44558		3334
1946		1774		44558		3334
1947		1774		44558		3334
1948		1774		44558		3334
1949		1774		44558		3334
1950		1774		44558		3334
1951		1774		44558		3334
1952		1774		44558		3334
1953		1774		44558		3334
1954		1774		44558		3334
1955		1774		44558		3334
1956		1774		44558		3334
1957		1774		44558		3334
1958		1774		44558		3334
1959		1774		44558		3334
1960		1774		44558		3334
1961		1774		44558		3334
1962		1774		44558		3334
1963		1774		44558		3334
1964		1774		44558		3334
1965		1774		44558		3334
1966		1774		44558		3334
1967		1774		44558		3334
1968		1774		44558		3334
1969		1774		44558		3334
1970		1774		44558		3334
1971		1774		44558		3334
1972		1774		44558		3334
1973		1774		44558		3334
1974		1774		44558		3334
1975		1774		44558		3334
1976		1774		44558		3334
1977		1774		44558		3334
1978		1774		44558		3334
1979		1774		44558		3334
1980		1774		44558		3334
1981		1774		44558		3334
1982		1774		44558		3334
1983		1774		44558		3334
1984		1774		44558		3334
1985		1774		44558		3334
1986		1774		44558		3334
1987		1774		44558		3334
1988		1774		44558		3334
1989		1774		44558		3334
1990		1774		44558		3334
1991		1774		44558		3334
1992		1774		44558		3334
1993		1774		44558		3334
1994		1774		44558		3334
1995		1774		44558		3334
1996		1774		44558		3334
1997		1774		44558		3334
1998		1811		49275		3335
1999		1802		49601		3336
2000		1793		49632		3330
2001		1794		49651		3336
2002		1804		49681		3327
2003		1807		49711		3332
2004		1808		49733		3332
2005		1807		49758		3329
2006		1798		49799		3328
2007		1791		49838		3326
2008		1783		49857		3324
2009		1781		49879		3328
2010		1780		49899		3330
2011		1777		49916		3330
2012		1777		49934		3330
2013		1781		49950		3330
2014		1778		49967		3330
2015		1783		49993		3334
2016		1778		50010		3330
2017		1782		50034		3331
2018		1777		50055		3329
2019		1782		50078		3330
2020		1784		50110		3331
2021		1786		50151		3330
2022		1782		50188		3328
2023		1781		50228		3329
2024		1777		50257		3326
2025		1771		50312		3329
2026		1769		50349		3329
2027		1761		50384		3333
2028		1764		50407		3331
2029		1761		50444		3330
2030		1754		50478		3330
2031		1759		50504		3331
2032		1758		50537		3327
2033		1748		50570		3328
2034		1747		50601		3332
2035		1741		50618		3333
2036		1740		50627		3333
2037		1745		50642		3330
2038		1743		50657		3334
2039		1737		50669		3335
2040		1733		50683		3336
2041		1736		50704		3334
2042		1732		50721		3336
2043		1725		50739		3342
2044		1730		50763		3339
2045		1726		50802		3339
2046		1725		50815		3343
2047		1724		50830		3341
2048		1726		50842		3341
2049		1725		50853		3340
2050		1721		50875		3343
2051		1716		50897		3341
2052		1716		50909		3343
2053		1710		50921		3345
2054		1720		50955		3343
2055		1708		50984		3338
2056		1706		50999		3341
2057		1713		51022		3339
2058		1712		51052		3341
2059		1710		51075		3348
2060		1697		51100		3345
2061		1698		51113		3345
2062		1699		51134		3345
2063		1703		51150		3345
2064		1699		51165		3345
2065		1693		51189		3345
2066		1695		51204		3351
2067		1695		51216		3349
2068		1700		51234		3351
2069		1698		51251		3353
2070		1699		51274		3350
2071		1695		51297		3350
2072		1692		51314		3348
2073		1694		51336		3353
2074		1695		51357		3350
2075		1695		51388		3350
2076		1691		51416		3346
2077		1688		51435		3348
2078		1686		51459		3346
2079		1680		51487		3350
2080		1686		51509		3351
2081		1685		51535		3350
2082		1675		51550		3348
2083		1671		51571		3349
2084		1670		51581		3350
2085		1669		51587		3349
2086		1669		51609		3349
2087		1668		51616		3351
2088		1674		51634		3348
2089		1663		51654		3348
2090		1663		51666		3351
2091		1659		51688		3351
2092		1665		51705		3352
2093		1669		51735		3348
2094		1663		51766		3353
2095		1665		51806		3350
2096		1663		51821		3353
2097		1664		51843		3356
2098		1664		51858		3358
2099		1663		51873		3354
2100		1665		51883		3357
2101		1661		51896		3354
2102		1652		51906		3351
2103		1649		51912		3351
2104		1646		51917		3351
2105		1647		51919		3354
2106		1645		51923		3353
2107		1643		51929		3352
2108		1643		51933		3352
2109		1644		51940		3351
2110		1643		51949		3353
2111		1642		51955		3351
2112		1637		51962		3349
2113		1638		51970		3350
2114		1636		51975		3352
2115		1636		51984		3351
2116		1637		51986		3352
2117		1636		51992		3351
2118		1641		52002		3353
2119		1640		52015		3352
2120		1638		52020		3354
2121		1635		52022		3355
2122		1635		52024		3355
2123		1634		52027		3355
2124		1634		52027		3355
2125		1634		52027		3355
2126		1634		52027		3355
2127		1632		52028		3355
2128		1632		52028		3355
2129		1632		52028		3355
2130		1632		52028		3355
2131		1632		52028		3355
2132		1632		52028		3355
2133		1632		52028		3355
2134		1632		52028		3355
2135		1632		52028		3355
2136		1632		52028		3355
2137		1632		52028		3355
2138		1632		52028		3355
2139		1632		52028		3355
2140		1632		52028		3355
2141		1632		52028		3355
2142		1632		52028		3355
2143		1632		52028		3355
2144		1632		52028		3355
2145		1632		52028		3355
2146		1632		52028		3355
2147		1632		52028		3355
2148		1632		52028		3355
2149		1632		52028		3355
2150		1632		52028		3355
2151		1632		52028		3355
2152		1632		52028		3355
2153		1632		52028		3355
2154		1632		52028		3355
2155		1632		52028		3355
2156		1632		52028		3355
2157		1632		52028		3355
2158		1632		52028		3355
2159		1632		52028		3355
2160		1632		52028		3355
2161		1632		52028		3355
2162		1632		52028		3355
2163		1632		52028		3355
2164		1632		52028		3355
2165		1632		52028		3355
2166		1632		52028		3355
2167		1632		52028		3355
2168		1632		52028		3355
2169		1632		52028		3355
2170		1632		52028		3355
2171		1632		52028		3355
2172		1632		52028		3355
2173		1632		52028		3355
2174		1632		52028		3355
2175		1632		52028		3355
2176		1632		52028		3355
2177		1632		52028		3355
2178		1632		52028		3355
2179		1632		52028		3355
2180		1632		52028		3355
2181		1632		52028		3355
2182		1632		52028		3355
2183		1632		52028		3355
2184		1632		52028		3355
2185		1632		52028		3355
2186		1632		52028		3355
2187		1632		52028		3355
2188		1632		52028		3355
2189		1632		52028		3355
2190		1632		52028		3355
2191		1632		52028		3355
2192		1632		52028		3355
2193		1632		52028		3355
2194		1632		52028		3355
2195		1632		52028		3355
2196		1632		52028		3355
2197		1632		52028		3355
2198		1632		52028		3355
2199		1632		52028		3355
2200		1632		52028		3355
2201		1632		52028		3355
2202		1632		52028		3355
2203		1632		52028		3355
2204		1632		52028		3355
2205		1632		52028		3355
2206		1632		52028		3355
2207		1632		52028		3355
2208		1632		52028		3355
2209		1632		52028		3355
2210		1632		52028		3355
2211		1632		52028		3355
2212		1632		52028		3355
2213		1632		52028		3355
2214		1632		52028		3355
2215		1632		52028		3355
2216		1632		52028		3355
2217		1632		52028		3355
2218		1632		52028		3355
2219		1632		52028		3355
2220		1632		52028		3355
2221		1632		52028		3355
2222		1632		52028		3355
2223		1632		52028		3355
2224		1632		52028		3355
2225		1632		52028		3355
2226		1632		52028		3355
2227		1632		52028		3355
2228		1632		52028		3355
2229		1632		52028		3355
2230		1632		52028		3355
2231		1632		52028		3355
2232		1632		52028		3355
2233		1632		52028		3355
2234		1632		52028		3355
2235		1632		52028		3355
2236		1632		52028		3355
2237		1632		52028		3355
2238		1632		52028		3355
2239		1632		52028		3355
2240		1632		52028		3355
2241		1632		52028		3355
2242		1632		52028		3355
2243		1632		52028		3355
2244		1632		52028		3355
2245		1632		52028		3355
2246		1632		52028		3355
2247		1632		52028		3355
2248		1632		52028		3355
2249		1632		52028		3355
2250		1632		52028		3355
2251		1632		52028		3355
2252		1632		52028		3355
2253		1632		52028		3355
2254		1632		52028		3355
2255		1632		52028		3355
2256		1632		52028		3355
2257		1632		52028		3355
2258		1632		52028		3355
2259		1632		52028		3355
2260		1632		52028		3355
2261		1632		52028		3355
2262		1632		52028		3355
2263		1632		52028		3355
2264		1632		52028		3355
2265		1632		52028		3355
2266		1632		52028		3355
2267		1632		52028		3355
2268		1632		52028		3355
2269		1632		52028		3355
2270		1632		52028		3355
2271		1632		52028		3355
2272		1632		52028		3355
2273		1632		52028		3355
2274		1632		52028		3355
2275		1632		52028		3355
2276		1632		52028		3355
2277		1632		52028		3355
2278		1632		52028		3355
2279		1632		52028		3355
2280		1632		52028		3355
2281		1632		52028		3355
2282		1632		52028		3355
2283		1632		52028		3355
2284		1632		52028		3355
2285		1632		52028		3355
2286		1632		52028		3355
2287		1632		52028		3355
2288		1632		52028		3355
2289		1632		52028		3355
2290		1632		52028		3355
2291		1632		52028		3355
2292		1632		52028		3355
2293		1632		52028		3355
2294		1632		52028		3355
2295		1632		52028		3355
2296		1632		52028		3355
2297		1632		52028		3355
2298		1632		52028		3355
2299		1632		52028		3355
2300		1632		52028		3355
2301		1632		52028		3355
2302		1632		52028		3355
2303		1632		52028		3355
2304		1632		52028		3355
2305		1632		52028		3355
2306		1632		52028		3355
2307		1632		52028		3355
2308		1632		52028		3355
2309		1632		52028		3355
2310		1632		52028		3355
2311		1632		52028		3355
2312		1632		52028		3355
2313		1632		52028		3355
2314		1632		52028		3355
2315		1632		52028		3355
2316		1632		52028		3355
2317		1632		52028		3355
2318		1632		52028		3355
2319		1632		52028		3355
2320		1632		52028		3355
2321		1632		52028		3355
2322		1632		52028		3355
2323		1632		52028		3355
2324		1632		52028		3355
2325		1632		52028		3355
2326		1632		52028		3355
2327		1632		52028		3355
2328		1632		52028		3355
2329		1632		52028		3355
2330		1632		52028		3355
2331		1632		52028		3355
2332		1632		52028		3355
2333		1632		52028		3355
2334		1632		52028		3355
2335		1632		52028		3355
2336		1632		52028		3355
2337		1632		52028		3355
2338		1632		52028		3355
2339		1632		52028		3355
2340		1632		52028		3355
2341		1632		52028		3355
2342		1632		52028		3355
2343		1632		52028		3355
2344		1632		52028		3355
2345		1632		52028		3355
2346		1632		52028		3355
2347		1632		52028		3355
2348		1632		52028		3355
2349		1632		52028		3355
2350		1632		52028		3355
2351		1632		52028		3355
2352		1632		52028		3355
2353		1632		52028		3355
2354		1632		52028		3355
2355		1632		52028		3355
2356		1632		52028		3355
2357		1632		52028		3355
2358		1632		52028		3355
2359		1632		52028		3355
2360		1632		52028		3355
2361		1632		52028		3355
2362		1632		52028		3355
2363		1632		52028		3355
2364		1632		52028		3355
2365		1632		52028		3355
2366		1632		52028		3355
2367		1632		52028		3355
2368		1632		52028		3355
2369		1632		52028		3355
2370		1632		52028		3355
2371		1632		52028		3355
2372		1632		52028		3355
2373		1632		52028		3355
2374		1632		52028		3355
2375		1632		52028		3355
2376		1632		52028		3355
2377		1632		52028		3355
2378		1632		52028		3355
2379		1632		52028		3355
2380		1632		52028		3355
2381		1632		52028		3355
2382		1632		52028		3355
2383		1632		52028		3355
2384		1632		52028		3355
2385		1632		52028		3355
2386		1632		52028		3355
2387		1632		52028		3355
2388		1632		52028		3355
2389		1632		52028		3355
2390		1632		52028		3355
2391		1632		52028		3355
2392		1632		52028		3355
2393		1632		52028		3355
2394		1632		52028		3355
2395		1632		52028		3355
2396		1632		52028		3355
2397		1632		52028		3355
2398		1632		52028		3355
2399		1632		52028		3355
2400		1632		52028		3355
2401		1632		52028		3355
2402		1632		52028		3355
2403		1632		52028		3355
2404		1632		52028		3355
2405		1632		52028		3355
2406		1632		52028		3355
2407		1632		52028		3355
2408		1632		52028		3355
2409		1632		52028		3355
2410		1632		52028		3355
2411		1632		52028		3355
2412		1632		52028		3355
2413		1632		52028		3355
2414		1632		52028		3355
2415		1632		52028		3355
2416		1632		52028		3355
2417		1632		52028		3355
2418		1632		52028		3355
2419		1632		52028		3355
2420		1632		52028		3355
2421		1632		52028		3355
2422		1632		52028		3355
2423		1632		52028		3355
2424		1632		52028		3355
2425		1632		52028		3355
2426		1632		52028		3355
2427		1632		52028		3355
2428		1632		52028		3355
2429		1632		52028		3355
2430		1632		52028		3355
2431		1632		52028		3355
2432		1632		52028		3355
2433		1632		52028		3355
2434		1632		52028		3355
2435		1632		52028		3355
2436		1632		52028		3355
2437		1632		52028		3355
2438		1632		52028		3355
2439		1632		52028		3355
2440		1632		52028		3355
2441		1632		52028		3355
2442		1632		52028		3355
2443		1632		52028		3355
2444		1632		52028		3355
2445		1632		52028		3355
2446		1632		52028		3355
2447		1632		52028		3355
2448		1632		52028		3355
2449		1632		52028		3355
2450		1632		52028		3355
2451		1632		52028		3355
2452		1632		52028		3355
2453		1632		52028		3355
2454		1632		52028		3355
2455		1632		52028		3355
2456		1632		52028		3355
2457		1632		52028		3355
2458		1632		52028		3355
2459		1632		52028		3355
2460		1632		52028		3355
2461		1632		52028		3355
2462		1632		52028		3355
2463		1632		52028		3355
2464		1632		52028		3355
2465		1632		52028		3355
2466		1632		52028		3355
2467		1632		52028		3355
2468		1632		52028		3355
2469		1632		52028		3355
2470		1632		52028		3355
2471		1632		52028		3355
2472		1632		52028		3355
2473		1632		52028		3355
2474		1632		52028		3355
2475		1632		52028		3355
2476		1632		52028		3355
2477		1632		52028		3355
2478		1632		52028		3355
2479		1632		52028		3355
2480		1632		52028		3355
2481		1632		52028		3355
2482		1632		52028		3355
2483		1632		52028		3355
2484		1632		52028		3355
2485		1632		52028		3355
2486		1632		52028		3355
2487		1632		52028		3355
2488		1632		52028		3355
2489		1632		52028		3355
2490		1632		52028		3355
2491		1632		52028		3355
2492		1632		52028		3355
2493		1632		52028		3355
2494		1632		52028		3355
2495		1632		52028		3355
2496		1632		52028		3355
2497		1632		52028		3355
2498		1632		52028		3355
2499		1632		52028		3355
2500		1632		52028		3355
2501		1632		52028		3355
2502		1632		52028		3355
2503		1632		52028		3355
2504		1632		52028		3355
2505		1632		52028		3355
2506		1632		52028		3355
2507		1632		52028		3355
2508		1632		52028		3355
2509		1632		52028		3355
2510		1632		52028		3355
2511		1632		52028		3355
2512		1632		52028		3355
2513		1632		52028		3355
2514		1632		52028		3355
2515		1632		52028		3355
2516		1632		52028		3355
2517		1632		52028		3355
2518		1632		52028		3355
2519		1632		52028		3355
2520		1632		52028		3355
2521		1632		52028		3355
2522		1632		52028		3355
2523		1632		52028		3355
2524		1632		52028		3355
2525		1632		52028		3355
2526		1632		52028		3355
2527		1632		52028		3355
2528		1632		52028		3355
2529		1632		52028		3355
2530		1632		52028		3355
2531		1632		52028		3355
2532		1632		52028		3355
2533		1632		52028		3355
2534		1632		52028		3355
2535		1632		52028		3355
2536		1632		52028		3355
2537		1632		52028		3355
2538		1632		52028		3355
2539		1632		52028		3355
2540		1632		52028		3355
2541		1632		52028		3355
2542		1632		52028		3355
2543		1632		52028		3355
2544		1632		52028		3355
2545		1632		52028		3355
2546		1632		52028		3355
2547		1632		52028		3355
2548		1632		52028		3355
2549		1632		52028		3355
2550		1632		52028		3355
2551		1632		52028		3355
2552		1632		52028		3355
2553		1632		52028		3355
2554		1632		52028		3355
2555		1632		52028		3355
2556		1632		52028		3355
2557		1632		52028		3355
2558		1632		52028		3355
2559		1632		52028		3355
2560		1632		52028		3355
2561		1632		52028		3355
2562		1632		52028		3355
2563		1632		52028		3355
2564		1632		52028		3355
2565		1632		52028		3355
2566		1632		52028		3355
2567		1632		52028		3355
2568		1632		52028		3355
2569		1632		52028		3355
2570		1632		52028		3355
2571		1632		52028		3355
2572		1632		52028		3355
2573		1632		52028		3355
2574		1632		52028		3355
2575		1632		52028		3355
2576		1632		52028		3355
2577		1632		52028		3355
2578		1632		52028		3355
2579		1632		52028		3355
2580		1632		52028		3355
2581		1632		52028		3355
2582		1632		52028		3355
2583		1632		52028		3355
2584		1632		52028		3355
2585		1632		52028		3355
2586		1632		52028		3355
2587		1632		52028		3355
2588		1632		52028		3355
2589		1632		52028		3355
2590		1632		52028		3355
2591		1632		52028		3355
2592		1632		52028		3355
2593		1632		52028		3355
2594		1632		52028		3355
2595		1632		52028		3355
2596		1632		52028		3355
2597		1632		52028		3355
2598		1632		52028		3355
2599		1632		52028		3355
2600		1632		52028		3355
2601		1632		52028		3355
2602		1632		52028		3355
2603		1632		52028		3355
2604		1632		52028		3355
2605		1632		52028		3355
2606		1632		52028		3355
2607		1632		52028		3355
2608		1632		52028		3355
2609		1632		52028		3355
2610		1632		52028		3355
2611		1632		52028		3355
2612		1632		52028		3355
2613		1632		52028		3355
2614		1632		52028		3355
2615		1632		52028		3355
2616		1632		52028		3355
2617		1632		52028		3355
2618		1632		52028		3355
2619		1632		52028		3355
2620		1632		52028		3355
2621		1632		52028		3355
2622		1632		52028		3355
2623		1632		52028		3355
2624		1632		52028		3355
2625		1632		52028		3355
2626		1632		52028		3355
2627		1632		52028		3355
2628		1632		52028		3355
2629		1632		52028		3355
2630		1632		52028		3355
2631		1632		52028		3355
2632		1632		52028		3355
2633		1632		52028		3355
2634		1632		52028		3355
2635		1632		52028		3355
2636		1632		52028		3355
2637		1632		52028		3355
2638		1632		52028		3355
2639		1632		52028		3355
2640		1632		52028		3355
2641		1632		52028		3355
2642		1632		52028		3355
2643		1632		52028		3355
2644		1632		52028		3355
2645		1632		52028		3355
2646		1632		52028		3355
2647		1632		52028		3355
2648		1632		52028		3355
2649		1632		52028		3355
2650		1632		52028		3355
2651		1632		52028		3355
2652		1632		52028		3355
2653		1632		52028		3355
2654		1632		52028		3355
2655		1632		52028		3355
2656		1632		52028		3355
2657		1632		52028		3355
2658		1632		52028		3355
2659		1632		52028		3355
2660		1632		52028		3355
2661		1632		52028		3355
2662		1632		52028		3355
2663		1632		52028		3355
2664		1647		56746		3354
2665		1642		57047		3353
2666		1633		57058		3356
2667		1633		57066		3355
2668		1634		57077		3353
2669		1631		57092		3354
2670		1633		57105		3353
2671		1634		57115		3352
2672		1632		57125		3353
2673		1630		57130		3354
2674		1628		57133		3355
2675		1627		57144		3352
2676		1628		57149		3354
2677		1628		57155		3352
2678		1625		57161		3356
2679		1624		57165		3354
2680		1623		57170		3355
2681		1622		57176		3357
2682		1622		57186		3357
2683		1621		57190		3358
2684		1622		57192		3356
2685		1621		57197		3355
2686		1617		57200		3356
2687		1619		57202		3356
2688		1616		57206		3356
2689		1612		57211		3355
2690		1612		57211		3355
2691		1614		57213		3355
2692		1613		57216		3356
2693		1614		57222		3354
2694		1618		57229		3355
2695		1618		57242		3355
2696		1613		57251		3355
2697		1617		57255		3356
2698		1615		57262		3356
2699		1612		57268		3357
2700		1617		57280		3358
2701		1617		57286		3357
2702		1610		57302		3359
2703		1610		57316		3358
2704		1605		57324		3357
2705		1609		57342		3362
2706		1613		57354		3356
2707		1612		57362		3361
2708		1616		57373		3356
2709		1613		57384		3356
2710		1607		57396		3359
2711		1608		57402		3361
2712		1607		57410		3360
2713		1604		57424		3361
2714		1605		57431		3361
2715		1608		57436		3360
2716		1606		57447		3360
2717		1608		57463		3362
2718		1604		57475		3361
2719		1599		57489		3360
2720		1610		57504		3366
2721		1603		57520		3367
2722		1601		57529		3366
2723		1600		57542		3368
2724		1599		57552		3368
2725		1598		57560		3368
2726		1597		57568		3367
2727		1596		57573		3368
2728		1593		57577		3365
2729		1590		57583		3367
2730		1595		57588		3368
2731		1591		57592		3367
2732		1590		57596		3367
2733		1591		57597		3367
2734		1591		57599		3367
2735		1591		57599		3367
2736		1588		57603		3366
2737		1590		57604		3365
2738		1590		57606		3365
2739		1588		57609		3366
2740		1590		57610		3365
2741		1590		57612		3365
2742		1590		57614		3365
2743		1590		57616		3365
2744		1590		57618		3365
2745		1587		57619		3365
2746		1587		57619		3365
2747		1587		57619		3365
2748		1587		57619		3365
2749		1587		57619		3365
2750		1587		57619		3365
2751		1587		57619		3365
2752		1587		57619		3365
2753		1587		57619		3365
2754		1587		57619		3365
2755		1587		57619		3365
2756		1587		57619		3365
2757		1587		57619		3365
2758		1587		57619		3365
2759		1587		57619		3365
2760		1587		57619		3365
2761		1587		57619		3365
2762		1587		57619		3365
2763		1587		57619		3365
2764		1587		57619		3365
2765		1587		57619		3365
2766		1587		57619		3365
2767		1587		57619		3365
2768		1587		57619		3365
2769		1587		57619		3365
2770		1587		57619		3365
2771		1587		57619		3365
2772		1587		57619		3365
2773		1587		57619		3365
2774		1587		57619		3365
2775		1587		57619		3365
2776		1587		57619		3365
2777		1587		57619		3365
2778		1587		57619		3365
2779		1587		57619		3365
2780		1587		57619		3365
2781		1587		57619		3365
2782		1587		57619		3365
2783		1587		57619		3365
2784		1587		57619		3365
2785		1587		57619		3365
2786		1587		57619		3365
2787		1587		57619		3365
2788		1587		57619		3365
2789		1587		57619		3365
2790		1587		57619		3365
2791		1587		57619		3365
2792		1587		57619		3365
2793		1587		57619		3365
2794		1587		57619		3365
2795		1587		57619		3365
2796		1587		57619		3365
2797		1587		57619		3365
2798		1587		57619		3365
2799		1587		57619		3365
2800		1587		57619		3365
2801		1587		57619		3365
2802		1587		57619		3365
2803		1587		57619		3365
2804		1587		57619		3365
2805		1587		57619		3365
2806		1587		57619		3365
2807		1587		57619		3365
2808		1587		57619		3365
2809		1587		57619		3365
2810		1587		57619		3365
2811		1587		57619		3365
2812		1587		57619		3365
2813		1587		57619		3365
2814		1587		57619		3365
2815		1587		57619		3365
2816		1587		57619		3365
2817		1587		57619		3365
2818		1587		57619		3365
2819		1587		57619		3365
2820		1587		57619		3365
2821		1587		57619		3365
2822		1587		57619		3365
2823		1587		57619		3365
2824		1587		57619		3365
2825		1587		57619		3365
2826		1587		57619		3365
2827		1587		57619		3365
2828		1587		57619		3365
2829		1587		57619		3365
2830		1587		57619		3365
2831		1587		57619		3365
2832		1587		57619		3365
2833		1587		57619		3365
2834		1587		57619		3365
2835		1587		57619		3365
2836		1587		57619		3365
2837		1587		57619		3365
2838		1587		57619		3365
2839		1587		57619		3365
2840		1587		57619		3365
2841		1587		57619		3365
2842		1587		57619		3365
2843		1587		57619		3365
2844		1587		57619		3365
2845		1587		57619		3365
2846		1587		57619		3365
2847		1587		57619		3365
2848		1587		57619		3365
2849		1587		57619		3365
2850		1587		57619		3365
2851		1587		57619		3365
2852		1587		57619		3365
2853		1587		57619		3365
2854		1587		57619		3365
2855		1587		57619		3365
2856		1587		57619		3365
2857		1587		57619		3365
2858		1587		57619		3365
2859		1587		57619		3365
2860		1587		57619		3365
2861		1587		57619		3365
2862		1587		57619		3365
2863		1587		57619		3365
2864		1587		57619		3365
2865		1587		57619		3365
2866		1587		57619		3365
2867		1587		57619		3365
2868		1587		57619		3365
2869		1587		57619		3365
2870		1587		57619		3365
2871		1587		57619		3365
2872		1587		57619		3365
2873		1587		57619		3365
2874		1587		57619		3365
2875		1587		57619		3365
2876		1587		57619		3365
2877		1587		57619		3365
2878		1587		57619		3365
2879		1587		57619		3365
2880		1587		57619		3365
2881		1587		57619		3365
2882		1587		57619		3365
2883		1587		57619		3365
2884		1587		57619		3365
2885		1587		57619		3365
2886		1587		57619		3365
2887		1587		57619		3365
2888		1587		57619		3365
2889		1587		57619		3365
2890		1587		57619		3365
2891		1587		57619		3365
2892		1587		57619		3365
2893		1587		57619		3365
2894		1587		57619		3365
2895		1587		57619		3365
2896		1587		57619		3365
2897		1587		57619		3365
2898		1587		57619		3365
2899		1587		57619		3365
2900		1587		57619		3365
2901		1587		57619		3365
2902		1587		57619		3365
2903		1587		57619		3365
2904		1587		57619		3365
2905		1587		57619		3365
2906		1587		57619		3365
2907		1587		57619		3365
2908		1587		57619		3365
2909		1587		57619		3365
2910		1587		57619		3365
2911		1587		57619		3365
2912		1587		57619		3365
2913		1587		57619		3365
2914		1587		57619		3365
2915		1587		57619		3365
2916		1587		57619		3365
2917		1587		57619		3365
2918		1587		57619		3365
2919		1587		57619		3365
2920		1587		57619		3365
2921		1587		57619		3365
2922		1587		57619		3365
2923		1587		57619		3365
2924		1587		57619		3365
2925		1587		57619		3365
2926		1587		57619		3365
2927		1587		57619		3365
2928		1587		57619		3365
2929		1587		57619		3365
2930		1587		57619		3365
2931		1587		57619		3365
2932		1587		57619		3365
2933		1587		57619		3365
2934		1587		57619		3365
2935		1587		57619		3365
2936		1587		57619		3365
2937		1587		57619		3365
2938		1587		57619		3365
2939		1587		57619		3365
2940		1587		57619		3365
2941		1587		57619		3365
2942		1587		57619		3365
2943		1587		57619		3365
2944		1587		57619		3365
2945		1587		57619		3365
2946		1587		57619		3365
2947		1587		57619		3365
2948		1587		57619		3365
2949		1587		57619		3365
2950		1587		57619		3365
2951		1587		57619		3365
2952		1587		57619		3365
2953		1587		57619		3365
2954		1587		57619		3365
2955		1587		57619		3365
2956		1587		57619		3365
2957		1587		57619		3365
2958		1587		57619		3365
2959		1587		57619		3365
2960		1587		57619		3365
2961		1587		57619		3365
2962		1587		57619		3365
2963		1587		57619		3365
2964		1587		57619		3365
2965		1587		57619		3365
2966		1587		57619		3365
2967		1587		57619		3365
2968		1587		57619		3365
2969		1587		57619		3365
2970		1587		57619		3365
2971		1587		57619		3365
2972		1587		57619		3365
2973		1587		57619		3365
2974		1587		57619		3365
2975		1587		57619		3365
2976		1587		57619		3365
2977		1587		57619		3365
2978		1587		57619		3365
2979		1587		57619		3365
2980		1587		57619		3365
2981		1587		57619		3365
2982		1587		57619		3365
2983		1587		57619		3365
2984		1587		57619		3365
2985		1587		57619		3365
2986		1587		57619		3365
2987		1587		57619		3365
2988		1587		57619		3365
2989		1587		57619		3365
2990		1587		57619		3365
2991		1587		57619		3365
2992		1587		57619		3365
2993		1587		57619		3365
2994		1587		57619		3365
2995		1587		57619		3365
2996		1587		57619		3365
2997		1587		57619		3365
2998		1587		57619		3365
2999		1587		57619		3365
3000		1587		57619		3365
3001		1587		57619		3365
3002		1587		57619		3365
3003		1587		57619		3365
3004		1587		57619		3365
3005		1587		57619		3365
3006		1587		57619		3365
3007		1587		57619		3365
3008		1587		57619		3365
3009		1587		57619		3365
3010		1587		57619		3365
3011		1587		57619		3365
3012		1587		57619		3365
3013		1587		57619		3365
3014		1587		57619		3365
3015		1587		57619		3365
3016		1587		57619		3365
3017		1587		57619		3365
3018		1587		57619		3365
3019		1587		57619		3365
3020		1587		57619		3365
3021		1587		57619		3365
3022		1587		57619		3365
3023		1587		57619		3365
3024		1587		57619		3365
3025		1587		57619		3365
3026		1587		57619		3365
3027		1587		57619		3365
3028		1587		57619		3365
3029		1587		57619		3365
3030		1587		57619		3365
3031		1587		57619		3365
3032		1587		57619		3365
3033		1587		57619		3365
3034		1587		57619		3365
3035		1587		57619		3365
3036		1587		57619		3365
3037		1587		57619		3365
3038		1587		57619		3365
3039		1587		57619		3365
3040		1587		57619		3365
3041		1587		57619		3365
3042		1587		57619		3365
3043		1587		57619		3365
3044		1587		57619		3365
3045		1587		57619		3365
3046		1587		57619		3365
3047		1587		57619		3365
3048		1587		57619		3365
3049		1587		57619		3365
3050		1587		57619		3365
3051		1587		57619		3365
3052		1587		57619		3365
3053		1587		57619		3365
3054		1587		57619		3365
3055		1587		57619		3365
3056		1587		57619		3365
3057		1587		57619		3365
3058		1587		57619		3365
3059		1587		57619		3365
3060		1587		57619		3365
3061		1587		57619		3365
3062		1587		57619		3365
3063		1587		57619		3365
3064		1587		57619		3365
3065		1587		57619		3365
3066		1587		57619		3365
3067		1587		57619		3365
3068		1587		57619		3365
3069		1587		57619		3365
3070		1587		57619		3365
3071		1587		57619		3365
3072		1587		57619		3365
3073		1587		57619		3365
3074		1587		57619		3365
3075		1587		57619		3365
3076		1587		57619		3365
3077		1587		57619		3365
3078		1587		57619		3365
3079		1587		57619		3365
3080		1587		57619		3365
3081		1587		57619		3365
3082		1587		57619		3365
3083		1587		57619		3365
3084		1587		57619		3365
3085		1587		57619		3365
3086		1587		57619		3365
3087		1587		57619		3365
3088		1587		57619		3365
3089		1587		57619		3365
3090		1587		57619		3365
3091		1587		57619		3365
3092		1587		57619		3365
3093		1587		57619		3365
3094		1587		57619		3365
3095		1587		57619		3365
3096		1587		57619		3365
3097		1587		57619		3365
3098		1587		57619		3365
3099		1587		57619		3365
3100		1587		57619		3365
3101		1587		57619		3365
3102		1587		57619		3365
3103		1587		57619		3365
3104		1587		57619		3365
3105		1587		57619		3365
3106		1587		57619		3365
3107		1587		57619		3365
3108		1587		57619		3365
3109		1587		57619		3365
3110		1587		57619		3365
3111		1587		57619		3365
3112		1587		57619		3365
3113		1587		57619		3365
3114		1587		57619		3365
3115		1587		57619		3365
3116		1587		57619		3365
3117		1587		57619		3365
3118		1587		57619		3365
3119		1587		57619		3365
3120		1587		57619		3365
3121		1587		57619		3365
3122		1587		57619		3365
3123		1587		57619		3365
3124		1587		57619		3365
3125		1587		57619		3365
3126		1587		57619		3365
3127		1587		57619		3365
3128		1587		57619		3365
3129		1587		57619		3365
3130		1587		57619		3365
3131		1587		57619		3365
3132		1587		57619		3365
3133		1587		57619		3365
3134		1587		57619		3365
3135		1587		57619		3365
3136		1587		57619		3365
3137		1587		57619		3365
3138		1587		57619		3365
3139		1587		57619		3365
3140		1587		57619		3365
3141		1587		57619		3365
3142		1587		57619		3365
3143		1587		57619		3365
3144		1587		57619		3365
3145		1587		57619		3365
3146		1587		57619		3365
3147		1587		57619		3365
3148		1587		57619		3365
3149		1587		57619		3365
3150		1587		57619		3365
3151		1587		57619		3365
3152		1587		57619		3365
3153		1587		57619		3365
3154		1587		57619		3365
3155		1587		57619		3365
3156		1587		57619		3365
3157		1587		57619		3365
3158		1587		57619		3365
3159		1587		57619		3365
3160		1587		57619		3365
3161		1587		57619		3365
3162		1587		57619		3365
3163		1587		57619		3365
3164		1587		57619		3365
3165		1587		57619		3365
3166		1587		57619		3365
3167		1587		57619		3365
3168		1587		57619		3365
3169		1587		57619		3365
3170		1587		57619		3365
3171		1587		57619		3365
3172		1587		57619		3365
3173		1587		57619		3365
3174		1587		57619		3365
3175		1587		57619		3365
3176		1587		57619		3365
3177		1587		57619		3365
3178		1587		57619		3365
3179		1587		57619		3365
3180		1587		57619		3365
3181		1587		57619		3365
3182		1587		57619		3365
3183		1587		57619		3365
3184		1587		57619		3365
3185		1587		57619		3365
3186		1587		57619		3365
3187		1587		57619		3365
3188		1587		57619		3365
3189		1587		57619		3365
3190		1587		57619		3365
3191		1587		57619		3365
3192		1587		57619		3365
3193		1587		57619		3365
3194		1587		57619		3365
3195		1587		57619		3365
3196		1587		57619		3365
3197		1587		57619		3365
3198		1587		57619		3365
3199		1587		57619		3365
3200		1587		57619		3365
3201		1587		57619		3365
3202		1587		57619		3365
3203		1587		57619		3365
3204		1587		57619		3365
3205		1587		57619		3365
3206		1587		57619		3365
3207		1587		57619		3365
3208		1587		57619		3365
3209		1587		57619		3365
3210		1587		57619		3365
3211		1587		57619		3365
3212		1587		57619		3365
3213		1587		57619		3365
3214		1587		57619		3365
3215		1587		57619		3365
3216		1587		57619		3365
3217		1587		57619		3365
3218		1587		57619		3365
3219		1587		57619		3365
3220		1587		57619		3365
3221		1587		57619		3365
3222		1587		57619		3365
3223		1587		57619		3365
3224		1587		57619		3365
3225		1587		57619		3365
3226		1587		57619		3365
3227		1587		57619		3365
3228		1587		57619		3365
3229		1587		57619		3365
3230		1587		57619		3365
3231		1587		57619		3365
3232		1587		57619		3365
3233		1587		57619		3365
3234		1587		57619		3365
3235		1587		57619		3365
3236		1587		57619		3365
3237		1587		57619		3365
3238		1587		57619		3365
3239		1587		57619		3365
3240		1587		57619		3365
3241		1587		57619		3365
3242		1587		57619		3365
3243		1587		57619		3365
3244		1587		57619		3365
3245		1587		57619		3365
3246		1587		57619		3365
3247		1587		57619		3365
3248		1587		57619		3365
3249		1587		57619		3365
3250		1587		57619		3365
3251		1587		57619		3365
3252		1587		57619		3365
3253		1587		57619		3365
3254		1587		57619		3365
3255		1587		57619		3365
3256		1587		57619		3365
3257		1587		57619		3365
3258		1587		57619		3365
3259		1587		57619		3365
3260		1587		57619		3365
3261		1587		57619		3365
3262		1587		57619		3365
3263		1587		57619		3365
3264		1587		57619		3365
3265		1587		57619		3365
3266		1587		57619		3365
3267		1587		57619		3365
3268		1587		57619		3365
3269		1587		57619		3365
3270		1587		57619		3365
3271		1587		57619		3365
3272		1587		57619		3365
3273		1587		57619		3365
3274		1587		57619		3365
3275		1587		57619		3365
3276		1587		57619		3365
3277		1587		57619		3365
3278		1587		57619		3365
3279		1587		57619		3365
3280		1587		57619		3365
3281		1587		57619		3365
3282		1587		57619		3365
3283		1587		57619		3365
3284		1587		57619		3365
3285		1587		57619		3365
3286		1587		57619		3365
3287		1587		57619		3365
3288		1587		57619		3365
3289		1587		57619		3365
3290		1587		57619		3365
3291		1587		57619		3365
3292		1587		57619		3365
3293		1587		57619		3365
3294		1587		57619		3365
3295		1587		57619		3365
3296		1587		57619		3365
3297		1587		57619		3365
3298		1587		57619		3365
3299		1587		57619		3365
3300		1587		57619		3365
3301		1587		57619		3365
3302		1587		57619		3365
3303		1587		57619		3365
3304		1587		57619		3365
3305		1587		57619		3365
3306		1587		57619		3365
3307		1587		57619		3365
3308		1587		57619		3365
3309		1587		57619		3365
3310		1587		57619		3365
3311		1587		57619		3365
3312		1587		57619		3365
3313		1587		57619		3365
3314		1587		57619		3365
3315		1587		57619		3365
3316		1587		57619		3365
3317		1587		57619		3365
3318		1587		57619		3365
3319		1587		57619		3365
3320		1587		57619		3365
3321		1587		57619		3365
3322		1587		57619		3365
3323		1587		57619		3365
3324		1587		57619		3365
3325		1587		57619		3365
3326		1587		57619		3365
3327		1587		57619		3365
3328		1587		57619		3365
3329		1587		57619		3365
3330		1604		62335		3371
3331		1590		62635		3367
3332		1591		62639		3366
3333		1592		62642		3366
3334		1592		62646		3367
3335		1591		62647		3366
3336		1590		62650		3367
3337		1591		62652		3368
3338		1592		62657		3366
3339		1592		62659		3366
3340		1590		62661		3365
3341		1591		62664		3365
3342		1591		62668		3366
3343		1590		62671		3365
3344		1591		62674		3365
3345		1591		62679		3366
3346		1587		62683		3365
3347		1588		62684		3365
3348		1588		62685		3365
3349		1588		62688		3365
3350		1588		62688		3365
3351		1588		62690		3365
3352		1586		62694		3366
3353		1586		62694		3366
3354		1586		62697		3365
3355		1588		62699		3366
3356		1586		62700		3367
3357		1586		62701		3366
3358		1586		62703		3366
3359		1586		62705		3366
3360		1586		62705		3366
3361		1586		62707		3366
3362		1586		62709		3366
3363		1587		62710		3368
3364		1587		62712		3368
3365		1588		62714		3365
3366		1589		62716		3369
3367		1588		62718		3365
3368		1586		62720		3367
3369		1587		62721		3368
3370		1590		62723		3365
3371		1590		62732		3367
3372		1587		62736		3367
3373		1587		62738		3367
3374		1587		62744		3368
3375		1586		62747		3369
3376		1586		62747		3369
3377		1587		62748		3368
3378		1586		62749		3369
3379		1587		62750		3368
3380		1587		62752		3368
3381		1586		62755		3366
3382		1586		62755		3366
3383		1586		62755		3366
3384		1586		62755		3366
3385		1586		62755		3366
3386		1586		62755		3366
3387		1586		62755		3366
3388		1586		62755		3366
3389		1586		62755		3366
3390		1586		62755		3366
3391		1586		62755		3366
3392		1586		62755		3366
3393		1586		62755		3366
3394		1586		62755		3366
3395		1586		62755		3366
3396		1584		62756		3365
3397		1583		62757		3366
3398		1583		62757		3366
3399		1583		62757		3366
3400		1583		62757		3366
3401		1583		62757		3366
3402		1583		62757		3366
3403		1583		62757		3366
3404		1583		62757		3366
3405		1583		62757		3366
3406		1583		62757		3366
3407		1583		62757		3366
3408		1583		62757		3366
3409		1583		62757		3366
3410		1583		62757		3366
3411		1583		62757		3366
3412		1583		62757		3366
3413		1583		62757		3366
3414		1583		62757		3366
3415		1583		62757		3366
3416		1583		62757		3366
3417		1583		62757		3366
3418		1583		62757		3366
3419		1583		62757		3366
3420		1583		62757		3366
3421		1583		62757		3366
3422		1583		62757		3366
3423		1583		62757		3366
3424		1583		62757		3366
3425		1583		62757		3366
3426		1583		62757		3366
3427		1583		62757		3366
3428		1583		62757		3366
3429		1583		62757		3366
3430		1583		62757		3366
3431		1583		62757		3366
3432		1583		62757		3366
3433		1583		62757		3366
3434		1583		62757		3366
3435		1583		62757		3366
3436		1583		62757		3366
3437		1583		62757		3366
3438		1583		62757		3366
3439		1583		62757		3366
3440		1583		62757		3366
3441		1583		62757		3366
3442		1583		62757		3366
3443		1583		62757		3366
3444		1583		62757		3366
3445		1583		62757		3366
3446		1583		62757		3366
3447		1583		62757		3366
3448		1583		62757		3366
3449		1583		62757		3366
3450		1583		62757		3366
3451		1583		62757		3366
3452		1583		62757		3366
3453		1583		62757		3366
3454		1583		62757		3366
3455		1583		62757		3366
3456		1583		62757		3366
3457		1583		62757		3366
3458		1583		62757		3366
3459		1583		62757		3366
3460		1583		62757		3366
3461		1583		62757		3366
3462		1583		62757		3366
3463		1583		62757		3366
3464		1583		62757		3366
3465		1583		62757		3366
3466		1583		62757		3366
3467		1583		62757		3366
3468		1583		62757		3366
3469		1583		62757		3366
3470		1583		62757		3366
3471		1583		62757		3366
3472		1583		62757		3366
3473		1583		62757		3366
3474		1583		62757		3366
3475		1583		62757		3366
3476		1583		62757		3366
3477		1583		62757		3366
3478		1583		62757		3366
3479		1583		62757		3366
3480		1583		62757		3366
3481		1583		62757		3366
3482		1583		62757		3366
3483		1583		62757		3366
3484		1583		62757		3366
3485		1583		62757		3366
3486		1583		62757		3366
3487		1583		62757		3366
3488		1583		62757		3366
3489		1583		62757		3366
3490		1583		62757		3366
3491		1583		62757		3366
3492		1583		62757		3366
3493		1583		62757		3366
3494		1583		62757		3366
3495		1583		62757		3366
3496		1583		62757		3366
3497		1583		62757		3366
3498		1583		62757		3366
3499		1583		62757		3366
3500		1583		62757		3366
3501		1583		62757		3366
3502		1583		62757		3366
3503		1583		62757		3366
3504		1583		62757		3366
3505		1583		62757		3366
3506		1583		62757		3366
3507		1583		62757		3366
3508		1583		62757		3366
3509		1583		62757		3366
3510		1583		62757		3366
3511		1583		62757		3366
3512		1583		62757		3366
3513		1583		62757		3366
3514		1583		62757		3366
3515		1583		62757		3366
3516		1583		62757		3366
3517		1583		62757		3366
3518		1583		62757		3366
3519		1583		62757		3366
3520		1583		62757		3366
3521		1583		62757		3366
3522		1583		62757		3366
3523		1583		62757		3366
3524		1583		62757		3366
3525		1583		62757		3366
3526		1583		62757		3366
3527		1583		62757		3366
3528		1583		62757		3366
3529		1583		62757		3366
3530		1583		62757		3366
3531		1583		62757		3366
3532		1583		62757		3366
3533		1583		62757		3366
3534		1583		62757		3366
3535		1583		62757		3366
3536		1583		62757		3366
3537		1583		62757		3366
3538		1583		62757		3366
3539		1583		62757		3366
3540		1583		62757		3366
3541		1583		62757		3366
3542		1583		62757		3366
3543		1583		62757		3366
3544		1583		62757		3366
3545		1583		62757		3366
3546		1583		62757		3366
3547		1583		62757		3366
3548		1583		62757		3366
3549		1583		62757		3366
3550		1583		62757		3366
3551		1583		62757		3366
3552		1583		62757		3366
3553		1583		62757		3366
3554		1583		62757		3366
3555		1583		62757		3366
3556		1583		62757		3366
3557		1583		62757		3366
3558		1583		62757		3366
3559		1583		62757		3366
3560		1583		62757		3366
3561		1583		62757		3366
3562		1583		62757		3366
3563		1583		62757		3366
3564		1583		62757		3366
3565		1583		62757		3366
3566		1583		62757		3366
3567		1583		62757		3366
3568		1583		62757		3366
3569		1583		62757		3366
3570		1583		62757		3366
3571		1583		62757		3366
3572		1583		62757		3366
3573		1583		62757		3366
3574		1583		62757		3366
3575		1583		62757		3366
3576		1583		62757		3366
3577		1583		62757		3366
3578		1583		62757		3366
3579		1583		62757		3366
3580		1583		62757		3366
3581		1583		62757		3366
3582		1583		62757		3366
3583		1583		62757		3366
3584		1583		62757		3366
3585		1583		62757		3366
3586		1583		62757		3366
3587		1583		62757		3366
3588		1583		62757		3366
3589		1583		62757		3366
3590		1583		62757		3366
3591		1583		62757		3366
3592		1583		62757		3366
3593		1583		62757		3366
3594		1583		62757		3366
3595		1583		62757		3366
3596		1583		62757		3366
3597		1583		62757		3366
3598		1583		62757		3366
3599		1583		62757		3366
3600		1583		62757		3366
3601		1583		62757		3366
3602		1583		62757		3366
3603		1583		62757		3366
3604		1583		62757		3366
3605		1583		62757		3366
3606		1583		62757		3366
3607		1583		62757		3366
3608		1583		62757		3366
3609		1583		62757		3366
3610		1583		62757		3366
3611		1583		62757		3366
3612		1583		62757		3366
3613		1583		62757		3366
3614		1583		62757		3366
3615		1583		62757		3366
3616		1583		62757		3366
3617		1583		62757		3366
3618		1583		62757		3366
3619		1583		62757		3366
3620		1583		62757		3366
3621		1583		62757		3366
3622		1583		62757		3366
3623		1583		62757		3366
3624		1583		62757		3366
3625		1583		62757		3366
3626		1583		62757		3366
3627		1583		62757		3366
3628		1583		62757		3366
3629		1583		62757		3366
3630		1583		62757		3366
3631		1583		62757		3366
3632		1583		62757		3366
3633		1583		62757		3366
3634		1583		62757		3366
3635		1583		62757		3366
3636		1583		62757		3366
3637		1583		62757		3366
3638		1583		62757		3366
3639		1583		62757		3366
3640		1583		62757		3366
3641		1583		62757		3366
3642		1583		62757		3366
3643		1583		62757		3366
3644		1583		62757		3366
3645		1583		62757		3366
3646		1583		62757		3366
3647		1583		62757		3366
3648		1583		62757		3366
3649		1583		62757		3366
3650		1583		62757		3366
3651		1583		62757		3366
3652		1583		62757		3366
3653		1583		62757		3366
3654		1583		62757		3366
3655		1583		62757		3366
3656		1583		62757		3366
3657		1583		62757		3366
3658		1583		62757		3366
3659		1583		62757		3366
3660		1583		62757		3366
3661		1583		62757		3366
3662		1583		62757		3366
3663		1583		62757		3366
3664		1583		62757		3366
3665		1583		62757		3366
3666		1583		62757		3366
3667		1583		62757		3366
3668		1583		62757		3366
3669		1583		62757		3366
3670		1583		62757		3366
3671		1583		62757		3366
3672		1583		62757		3366
3673		1583		62757		3366
3674		1583		62757		3366
3675		1583		62757		3366
3676		1583		62757		3366
3677		1583		62757		3366
3678		1583		62757		3366
3679		1583		62757		3366
3680		1583		62757		3366
3681		1583		62757		3366
3682		1583		62757		3366
3683		1583		62757		3366
3684		1583		62757		3366
3685		1583		62757		3366
3686		1583		62757		3366
3687		1583		62757		3366
3688		1583		62757		3366
3689		1583		62757		3366
3690		1583		62757		3366
3691		1583		62757		3366
3692		1583		62757		3366
3693		1583		62757		3366
3694		1583		62757		3366
3695		1583		62757		3366
3696		1583		62757		3366
3697		1583		62757		3366
3698		1583		62757		3366
3699		1583		62757		3366
3700		1583		62757		3366
3701		1583		62757		3366
3702		1583		62757		3366
3703		1583		62757		3366
3704		1583		62757		3366
3705		1583		62757		3366
3706		1583		62757		3366
3707		1583		62757		3366
3708		1583		62757		3366
3709		1583		62757		3366
3710		1583		62757		3366
3711		1583		62757		3366
3712		1583		62757		3366
3713		1583		62757		3366
3714		1583		62757		3366
3715		1583		62757		3366
3716		1583		62757		3366
3717		1583		62757		3366
3718		1583		62757		3366
3719		1583		62757		3366
3720		1583		62757		3366
3721		1583		62757		3366
3722		1583		62757		3366
3723		1583		62757		3366
3724		1583		62757		3366
3725		1583		62757		3366
3726		1583		62757		3366
3727		1583		62757		3366
3728		1583		62757		3366
3729		1583		62757		3366
3730		1583		62757		3366
3731		1583		62757		3366
3732		1583		62757		3366
3733		1583		62757		3366
3734		1583		62757		3366
3735		1583		62757		3366
3736		1583		62757		3366
3737		1583		62757		3366
3738		1583		62757		3366
3739		1583		62757		3366
3740		1583		62757		3366
3741		1583		62757		3366
3742		1583		62757		3366
3743		1583		62757		3366
3744		1583		62757		3366
3745		1583		62757		3366
3746		1583		62757		3366
3747		1583		62757		3366
3748		1583		62757		3366
3749		1583		62757		3366
3750		1583		62757		3366
3751		1583		62757		3366
3752		1583		62757		3366
3753		1583		62757		3366
3754		1583		62757		3366
3755		1583		62757		3366
3756		1583		62757		3366
3757		1583		62757		3366
3758		1583		62757		3366
3759		1583		62757		3366
3760		1583		62757		3366
3761		1583		62757		3366
3762		1583		62757		3366
3763		1583		62757		3366
3764		1583		62757		3366
3765		1583		62757		3366
3766		1583		62757		3366
3767		1583		62757		3366
3768		1583		62757		3366
3769		1583		62757		3366
3770		1583		62757		3366
3771		1583		62757		3366
3772		1583		62757		3366
3773		1583		62757		3366
3774		1583		62757		3366
3775		1583		62757		3366
3776		1583		62757		3366
3777		1583		62757		3366
3778		1583		62757		3366
3779		1583		62757		3366
3780		1583		62757		3366
3781		1583		62757		3366
3782		1583		62757		3366
3783		1583		62757		3366
3784		1583		62757		3366
3785		1583		62757		3366
3786		1583		62757		3366
3787		1583		62757		3366
3788		1583		62757		3366
3789		1583		62757		3366
3790		1583		62757		3366
3791		1583		62757		3366
3792		1583		62757		3366
3793		1583		62757		3366
3794		1583		62757		3366
3795		1583		62757		3366
3796		1583		62757		3366
3797		1583		62757		3366
3798		1583		62757		3366
3799		1583		62757		3366
3800		1583		62757		3366
3801		1583		62757		3366
3802		1583		62757		3366
3803		1583		62757		3366
3804		1583		62757		3366
3805		1583		62757		3366
3806		1583		62757		3366
3807		1583		62757		3366
3808		1583		62757		3366
3809		1583		62757		3366
3810		1583		62757		3366
3811		1583		62757		3366
3812		1583		62757		3366
3813		1583		62757		3366
3814		1583		62757		3366
3815		1583		62757		3366
3816		1583		62757		3366
3817		1583		62757		3366
3818		1583		62757		3366
3819		1583		62757		3366
3820		1583		62757		3366
3821		1583		62757		3366
3822		1583		62757		3366
3823		1583		62757		3366
3824		1583		62757		3366
3825		1583		62757		3366
3826		1583		62757		3366
3827		1583		62757		3366
3828		1583		62757		3366
3829		1583		62757		3366
3830		1583		62757		3366
3831		1583		62757		3366
3832		1583		62757		3366
3833		1583		62757		3366
3834		1583		62757		3366
3835		1583		62757		3366
3836		1583		62757		3366
3837		1583		62757		3366
3838		1583		62757		3366
3839		1583		62757		3366
3840		1583		62757		3366
3841		1583		62757		3366
3842		1583		62757		3366
3843		1583		62757		3366
3844		1583		62757		3366
3845		1583		62757		3366
3846		1583		62757		3366
3847		1583		62757		3366
3848		1583		62757		3366
3849		1583		62757		3366
3850		1583		62757		3366
3851		1583		62757		3366
3852		1583		62757		3366
3853		1583		62757		3366
3854		1583		62757		3366
3855		1583		62757		3366
3856		1583		62757		3366
3857		1583		62757		3366
3858		1583		62757		3366
3859		1583		62757		3366
3860		1583		62757		3366
3861		1583		62757		3366
3862		1583		62757		3366
3863		1583		62757		3366
3864		1583		62757		3366
3865		1583		62757		3366
3866		1583		62757		3366
3867		1583		62757		3366
3868		1583		62757		3366
3869		1583		62757		3366
3870		1583		62757		3366
3871		1583		62757		3366
3872		1583		62757		3366
3873		1583		62757		3366
3874		1583		62757		3366
3875		1583		62757		3366
3876		1583		62757		3366
3877		1583		62757		3366
3878		1583		62757		3366
3879		1583		62757		3366
3880		1583		62757		3366
3881		1583		62757		3366
3882		1583		62757		3366
3883		1583		62757		3366
3884		1583		62757		3366
3885		1583		62757		3366
3886		1583		62757		3366
3887		1583		62757		3366
3888		1583		62757		3366
3889		1583		62757		3366
3890		1583		62757		3366
3891		1583		62757		3366
3892		1583		62757		3366
3893		1583		62757		3366
3894		1583		62757		3366
3895		1583		62757		3366
3896		1583		62757		3366
3897		1583		62757		3366
3898		1583		62757		3366
3899		1583		62757		3366
3900		1583		62757		3366
3901		1583		62757		3366
3902		1583		62757		3366
3903		1583		62757		3366
3904		1583		62757		3366
3905		1583		62757		3366
3906		1583		62757		3366
3907		1583		62757		3366
3908		1583		62757		3366
3909		1583		62757		3366
3910		1583		62757		3366
3911		1583		62757		3366
3912		1583		62757		3366
3913		1583		62757		3366
3914		1583		62757		3366
3915		1583		62757		3366
3916		1583		62757		3366
3917		1583		62757		3366
3918		1583		62757		3366
3919		1583		62757		3366
3920		1583		62757		3366
3921		1583		62757		3366
3922		1583		62757		3366
3923		1583		62757		3366
3924		1583		62757		3366
3925		1583		62757		3366
3926		1583		62757		3366
3927		1583		62757		3366
3928		1583		62757		3366
3929		1583		62757		3366
3930		1583		62757		3366
3931		1583		62757		3366
3932		1583		62757		3366
3933		1583		62757		3366
3934		1583		62757		3366
3935		1583		62757		3366
3936		1583		62757		3366
3937		1583		62757		3366
3938		1583		62757		3366
3939		1583		62757		3366
3940		1583		62757		3366
3941		1583		62757		3366
3942		1583		62757		3366
3943		1583		62757		3366
3944		1583		62757		3366
3945		1583		62757		3366
3946		1583		62757		3366
3947		1583		62757		3366
3948		1583		62757		3366
3949		1583		62757		3366
3950		1583		62757		3366
3951		1583		62757		3366
3952		1583		62757		3366
3953		1583		62757		3366
3954		1583		62757		3366
3955		1583		62757		3366
3956		1583		62757		3366
3957		1583		62757		3366
3958		1583		62757		3366
3959		1583		62757		3366
3960		1583		62757		3366
3961		1583		62757		3366
3962		1583		62757		3366
3963		1583		62757		3366
3964		1583		62757		3366
3965		1583		62757		3366
3966		1583		62757		3366
3967		1583		62757		3366
3968		1583		62757		3366
3969		1583		62757		3366
3970		1583		62757		3366
3971		1583		62757		3366
3972		1583		62757		3366
3973		1583		62757		3366
3974		1583		62757		3366
3975		1583		62757		3366
3976		1583		62757		3366
3977		1583		62757		3366
3978		1583		62757		3366
3979		1583		62757		3366
3980		1583		62757		3366
3981		1583		62757		3366
3982		1583		62757		3366
3983		1583		62757		3366
3984		1583		62757		3366
3985		1583		62757		3366
3986		1583		62757		3366
3987		1583		62757		3366
3988		1583		62757		3366
3989		1583		62757		3366
3990		1583		62757		3366
3991		1583		62757		3366
3992		1583		62757		3366
3993		1583		62757		3366
3994		1583		62757		3366
3995		1583		62757		3366
3996		1604		67473		3365
3997		1594		67779		3368
3998		1594		67789		3369
3999		1593		67803		3370
