# Migration is number of nodes that have changed color.

Round		Edge-Cut		Swaps		Migrations		Skipped
0		8306		3871		3045
1		7099		6748		3059
2		6227		8931		3113
3		5580		10624		3152
4		5173		12071		3178
5		4746		13305		3198
6		4482		14340		3209
7		4231		15253		3206
8		4035		16051		3244
9		3829		16833		3230
10		3717		17502		3220
11		3589		18125		3245
12		3480		18667		3251
13		3412		19175		3263
14		3281		19586		3231
15		3241		20033		3254
16		3147		20417		3241
17		3056		20756		3236
18		2988		21072		3230
19		2966		21339		3255
20		2886		21642		3254
21		2825		21868		3252
22		2793		22073		3238
23		2753		22306		3247
24		2708		22494		3253
25		2699		22651		3254
26		2666		22821		3258
27		2669		22972		3274
28		2653		23164		3261
29		2630		23333		3270
30		2613		23506		3271
31		2592		23659		3282
32		2572		23795		3298
33		2566		23937		3286
34		2556		24037		3284
35		2553		24158		3278
36		2543		24271		3287
37		2521		24401		3294
38		2496		24541		3297
39		2483		24677		3292
40		2471		24843		3301
41		2447		25005		3293
42		2456		25134		3291
43		2442		25304		3298
44		2418		25448		3303
45		2394		25585		3309
46		2365		25735		3302
47		2355		25884		3306
48		2326		25982		3310
49		2307		26094		3304
50		2290		26187		3316
51		2285		26258		3311
52		2286		26356		3310
53		2272		26444		3304
54		2269		26541		3293
55		2270		26633		3301
56		2269		26753		3310
57		2257		26865		3302
58		2250		26956		3298
59		2232		27032		3300
60		2224		27129		3309
61		2219		27212		3304
62		2191		27307		3301
63		2179		27380		3303
64		2188		27465		3306
65		2167		27552		3307
66		2169		27621		3313
67		2166		27711		3312
68		2173		27808		3317
69		2152		27915		3311
70		2159		28017		3295
71		2143		28112		3305
72		2133		28200		3309
73		2126		28274		3305
74		2109		28357		3307
75		2103		28429		3299
76		2100		28501		3307
77		2097		28554		3305
78		2095		28616		3311
79		2083		28673		3307
80		2083		28721		3311
81		2081		28786		3312
82		2078		28864		3316
83		2062		28941		3323
84		2045		29000		3322
85		2037		29047		3317
86		2024		29074		3314
87		2022		29106		3321
88		2012		29133		3313
89		2014		29174		3312
90		2015		29208		3313
91		2017		29230		3311
92		2017		29258		3313
93		2014		29288		3312
94		2000		29312		3307
95		1998		29324		3312
96		1996		29338		3309
97		1992		29354		3308
98		1990		29367		3312
99		1993		29376		3310
100		1997		29392		3311
101		1992		29407		3304
102		1985		29421		3306
103		1986		29424		3305
104		1984		29433		3307
105		1986		29442		3309
106		1983		29457		3308
107		1982		29463		3305
108		1981		29474		3311
109		1979		29491		3314
110		1976		29498		3309
111		1976		29512		3311
112		1971		29526		3312
113		1967		29535		3313
114		1971		29543		3314
115		1970		29548		3313
116		1971		29559		3315
117		1973		29565		3312
118		1970		29576		3312
119		1968		29585		3315
120		1969		29596		3313
121		1967		29608		3316
122		1961		29619		3314
123		1964		29631		3311
124		1959		29652		3319
125		1960		29662		3319
126		1962		29675		3318
127		1963		29692		3318
128		1964		29699		3317
129		1960		29716		3318
130		1960		29723		3314
131		1957		29737		3319
132		1956		29745		3317
133		1955		29752		3319
134		1957		29775		3321
135		1955		29786		3318
136		1958		29802		3319
137		1958		29812		3316
138		1953		29820		3318
139		1952		29823		3318
140		1950		29826		3318
141		1948		29828		3317
142		1949		29831		3318
143		1949		29834		3320
144		1947		29837		3318
145		1946		29845		3318
146		1943		29848		3316
147		1944		29849		3318
148		1944		29853		3316
149		1944		29857		3316
150		1946		29863		3315
151		1945		29866		3315
152		1946		29870		3316
153		1946		29877		3317
154		1942		29883		3316
155		1941		29887		3316
156		1942		29888		3317
157		1943		29905		3315
158		1942		29907		3315
159		1942		29913		3315
160		1942		29916		3315
161		1940		29917		3316
162		1940		29917		3316
163		1940		29918		3315
164		1940		29919		3314
165		1940		29921		3314
166		1938		29926		3316
167		1940		29930		3315
168		1938		29939		3313
169		1941		29951		3313
170		1943		29962		3318
171		1938		29971		3315
172		1939		29976		3314
173		1939		29984		3313
174		1937		29993		3312
175		1936		30000		3314
176		1933		30007		3315
177		1937		30013		3314
178		1941		30020		3312
179		1939		30027		3315
180		1941		30036		3316
181		1939		30044		3314
182		1936		30050		3316
183		1938		30053		3313
184		1930		30060		3314
185		1932		30061		3316
186		1929		30063		3315
187		1929		30063		3315
188		1929		30063		3315
189		1928		30064		3316
190		1928		30064		3316
191		1928		30064		3316
192		1928		30064		3316
193		1928		30064		3316
194		1927		30065		3315
195		1927		30065		3315
196		1927		30065		3315
197		1927		30065		3315
198		1927		30065		3315
199		1927		30065		3315
200		1927		30065		3315
201		1927		30065		3315
202		1927		30065		3315
203		1927		30065		3315
204		1927		30065		3315
205		1927		30065		3315
206		1927		30065		3315
207		1927		30065		3315
208		1927		30065		3315
209		1927		30065		3315
210		1927		30065		3315
211		1927		30065		3315
212		1927		30065		3315
213		1927		30065		3315
214		1927		30065		3315
215		1927		30065		3315
216		1927		30065		3315
217		1927		30065		3315
218		1927		30065		3315
219		1927		30065		3315
220		1927		30065		3315
221		1927		30065		3315
222		1927		30065		3315
223		1927		30065		3315
224		1927		30065		3315
225		1927		30065		3315
226		1927		30065		3315
227		1927		30065		3315
228		1927		30065		3315
229		1927		30065		3315
230		1927		30065		3315
231		1927		30065		3315
232		1927		30065		3315
233		1927		30065		3315
234		1927		30065		3315
235		1927		30065		3315
236		1927		30065		3315
237		1927		30065		3315
238		1927		30065		3315
239		1927		30065		3315
240		1927		30065		3315
241		1927		30065		3315
242		1927		30065		3315
243		1927		30065		3315
244		1927		30065		3315
245		1927		30065		3315
246		1927		30065		3315
247		1927		30065		3315
248		1927		30065		3315
249		1927		30065		3315
250		1927		30065		3315
251		1927		30065		3315
252		1927		30065		3315
253		1927		30065		3315
254		1927		30065		3315
255		1927		30065		3315
256		1927		30065		3315
257		1927		30065		3315
258		1927		30065		3315
259		1927		30065		3315
260		1927		30065		3315
261		1927		30065		3315
262		1927		30065		3315
263		1927		30065		3315
264		1927		30065		3315
265		1927		30065		3315
266		1927		30065		3315
267		1927		30065		3315
268		1927		30065		3315
269		1927		30065		3315
270		1927		30065		3315
271		1927		30065		3315
272		1927		30065		3315
273		1927		30065		3315
274		1927		30065		3315
275		1927		30065		3315
276		1927		30065		3315
277		1927		30065		3315
278		1927		30065		3315
279		1927		30065		3315
280		1927		30065		3315
281		1927		30065		3315
282		1927		30065		3315
283		1927		30065		3315
284		1927		30065		3315
285		1927		30065		3315
286		1927		30065		3315
287		1927		30065		3315
288		1927		30065		3315
289		1927		30065		3315
290		1927		30065		3315
291		1927		30065		3315
292		1927		30065		3315
293		1927		30065		3315
294		1927		30065		3315
295		1927		30065		3315
296		1927		30065		3315
297		1927		30065		3315
298		1927		30065		3315
299		1927		30065		3315
300		1927		30065		3315
301		1927		30065		3315
302		1927		30065		3315
303		1927		30065		3315
304		1927		30065		3315
305		1927		30065		3315
306		1927		30065		3315
307		1927		30065		3315
308		1927		30065		3315
309		1927		30065		3315
310		1927		30065		3315
311		1927		30065		3315
312		1927		30065		3315
313		1927		30065		3315
314		1927		30065		3315
315		1927		30065		3315
316		1927		30065		3315
317		1927		30065		3315
318		1927		30065		3315
319		1927		30065		3315
320		1927		30065		3315
321		1927		30065		3315
322		1927		30065		3315
323		1927		30065		3315
324		1927		30065		3315
325		1927		30065		3315
326		1927		30065		3315
327		1927		30065		3315
328		1927		30065		3315
329		1927		30065		3315
330		1927		30065		3315
331		1927		30065		3315
332		1927		30065		3315
333		1927		30065		3315
334		1927		30065		3315
335		1927		30065		3315
336		1927		30065		3315
337		1927		30065		3315
338		1927		30065		3315
339		1927		30065		3315
340		1927		30065		3315
341		1927		30065		3315
342		1927		30065		3315
343		1927		30065		3315
344		1927		30065		3315
345		1927		30065		3315
346		1927		30065		3315
347		1927		30065		3315
348		1927		30065		3315
349		1927		30065		3315
350		1927		30065		3315
351		1927		30065		3315
352		1927		30065		3315
353		1927		30065		3315
354		1927		30065		3315
355		1927		30065		3315
356		1927		30065		3315
357		1927		30065		3315
358		1927		30065		3315
359		1927		30065		3315
360		1927		30065		3315
361		1927		30065		3315
362		1927		30065		3315
363		1927		30065		3315
364		1927		30065		3315
365		1927		30065		3315
366		1927		30065		3315
367		1927		30065		3315
368		1927		30065		3315
369		1927		30065		3315
370		1927		30065		3315
371		1927		30065		3315
372		1927		30065		3315
373		1927		30065		3315
374		1927		30065		3315
375		1927		30065		3315
376		1927		30065		3315
377		1927		30065		3315
378		1927		30065		3315
379		1927		30065		3315
380		1927		30065		3315
381		1927		30065		3315
382		1927		30065		3315
383		1927		30065		3315
384		1927		30065		3315
385		1927		30065		3315
386		1927		30065		3315
387		1927		30065		3315
388		1927		30065		3315
389		1927		30065		3315
390		1927		30065		3315
391		1927		30065		3315
392		1927		30065		3315
393		1927		30065		3315
394		1927		30065		3315
395		1927		30065		3315
396		1927		30065		3315
397		1927		30065		3315
398		1927		30065		3315
399		1927		30065		3315
400		1927		30065		3315
401		1927		30065		3315
402		1927		30065		3315
403		1927		30065		3315
404		1927		30065		3315
405		1927		30065		3315
406		1927		30065		3315
407		1927		30065		3315
408		1927		30065		3315
409		1927		30065		3315
410		1927		30065		3315
411		1927		30065		3315
412		1927		30065		3315
413		1927		30065		3315
