# Migration is number of nodes that have changed color.

Round		Edge-Cut		Swaps		Migrations		Skipped
0		564		4720		82
1		586		9439		96
2		604		14158		111
3		614		18878		116
4		650		23597		133
5		641		28316		136
6		670		33036		135
7		662		37756		143
8		673		42475		140
9		686		47194		151
10		695		51912		156
11		718		56631		172
12		712		61350		160
13		728		66070		156
14		737		70787		167
15		738		75507		166
16		740		80227		172
17		759		84947		180
18		754		89667		188
19		773		94387		187
20		768		99104		185
21		762		103824		188
22		760		108544		183
23		784		113263		188
24		768		117983		177
25		774		122701		189
26		793		127419		190
27		792		132138		193
28		797		136858		195
29		803		141578		198
30		829		146298		203
31		829		151018		204
32		849		155737		211
33		842		160456		214
34		875		165176		224
35		881		169896		229
36		892		174616		224
37		936		179335		240
38		941		184054		238
39		935		188774		236
40		938		193493		238
41		955		198213		245
42		966		202933		238
43		955		207652		245
44		961		212371		252
45		940		217091		245
46		934		221810		248
47		979		226528		245
48		963		231248		248
49		963		235966		240
50		968		240686		249
51		973		245405		256
52		993		250123		258
53		1015		254841		260
54		996		259561		254
55		1014		264281		256
56		1035		269001		263
57		1041		273721		276
58		1054		278439		284
59		1042		283157		275
60		1056		287877		284
61		1032		292596		282
62		1050		297316		282
63		1049		302035		287
64		1063		306754		291
65		1084		311474		294
66		1057		316194		292
67		1071		320914		295
68		1114		325633		298
69		1142		330352		306
70		1152		335072		303
71		1135		339792		308
72		1146		344512		301
73		1136		349231		303
74		1126		353951		314
75		1133		358671		307
76		1135		363391		313
77		1126		368110		318
78		1144		372830		308
79		1143		377550		324
80		1177		382270		323
81		1182		386990		312
82		1223		391708		330
83		1229		396428		326
84		1204		401147		337
85		1195		405866		342
86		1200		410585		333
87		1213		415305		327
88		1242		420025		333
89		1238		424745		334
90		1238		429464		360
91		1260		434184		354
92		1245		438904		356
93		1242		443624		346
94		1276		448342		358
95		1313		453062		369
96		1294		457782		357
97		1299		462500		366
98		1331		467219		378
99		1350		471939		372
100		1349		476659		377
101		1391		481378		381
102		1364		486097		367
103		1361		490816		369
104		1365		495535		364
105		1391		500253		379
106		1403		504973		380
107		1417		509692		381
108		1411		514412		376
109		1398		519132		386
110		1382		523852		390
111		1408		528572		380
112		1386		533292		379
113		1369		538011		385
114		1412		542731		386
115		1407		547451		385
116		1408		552171		376
117		1409		556890		382
118		1397		561609		386
119		1410		566329		393
120		1417		571049		385
121		1416		575767		394
122		1405		580486		395
123		1410		585205		401
124		1411		589924		408
125		1417		594644		408
126		1439		599364		398
127		1464		604084		406
128		1426		608803		388
129		1416		613523		393
130		1450		618243		410
131		1424		622963		400
132		1419		627683		406
133		1429		632403		415
134		1417		637123		407
135		1437		641843		421
136		1382		646563		417
137		1377		651283		421
138		1386		656002		412
139		1420		660722		421
140		1393		665442		416
141		1382		670162		415
142		1400		674881		420
143		1383		679600		413
144		1382		684319		421
145		1405		689038		415
146		1397		693756		416
147		1377		698476		422
148		1397		703195		418
149		1393		707915		421
150		1422		712633		438
151		1438		717353		428
152		1454		722073		441
153		1429		726792		429
154		1439		731511		437
155		1418		736230		442
156		1446		740949		442
157		1449		745668		445
158		1484		750386		438
159		1487		755105		453
160		1507		759822		452
161		1499		764542		450
162		1495		769261		451
163		1508		773981		447
164		1514		778701		458
165		1524		783421		459
166		1555		788140		455
167		1577		792860		448
168		1541		797580		452
169		1513		802299		457
170		1544		807018		459
171		1547		811737		460
172		1548		816457		462
173		1522		821177		457
174		1529		825896		462
175		1554		830616		463
176		1538		835336		461
177		1554		840056		459
178		1561		844776		467
179		1564		849496		470
180		1552		854216		470
181		1563		858936		476
182		1585		863656		482
183		1565		868376		475
184		1546		873096		475
185		1533		877815		473
186		1535		882534		468
187		1559		887252		475
188		1530		891972		465
189		1543		896692		457
190		1582		901411		480
191		1555		906131		477
192		1546		910851		477
193		1540		915570		480
194		1532		920289		478
195		1544		925009		488
196		1551		929729		482
197		1537		934449		489
198		1479		939168		495
199		1472		943888		491
200		1483		948608		484
201		1479		953328		484
202		1471		958047		476
203		1481		962767		478
204		1485		967487		474
205		1450		972207		481
206		1441		976926		480
207		1471		981646		488
208		1468		986365		484
209		1469		991085		487
210		1503		995805		495
211		1497		1000525		493
212		1506		1005243		501
213		1500		1009963		496
214		1513		1014681		494
215		1536		1019400		500
216		1529		1024119		493
217		1573		1028838		498
218		1569		1033558		488
219		1568		1038278		493
220		1561		1042998		490
221		1577		1047718		491
222		1552		1052437		497
223		1559		1057157		507
224		1571		1061877		497
225		1567		1066596		498
226		1573		1071314		496
227		1583		1076034		511
228		1559		1080754		494
229		1616		1085474		512
230		1614		1090194		506
231		1636		1094914		518
232		1593		1099634		524
233		1566		1104353		514
234		1588		1109072		529
235		1632		1113792		539
236		1602		1118512		539
237		1605		1123232		539
238		1646		1127951		528
239		1667		1132670		535
240		1661		1137389		529
241		1636		1142109		525
242		1635		1146828		519
243		1617		1151548		524
244		1655		1156267		532
245		1640		1160986		534
246		1606		1165706		534
247		1656		1170425		528
248		1587		1175145		523
249		1591		1179864		526
250		1586		1184584		522
251		1585		1189301		528
252		1605		1194021		529
253		1608		1198740		526
254		1604		1203459		533
255		1653		1208179		533
256		1646		1212899		540
257		1659		1217618		532
258		1658		1222338		540
259		1618		1227058		535
260		1624		1231777		537
261		1645		1236496		531
262		1684		1241216		539
263		1660		1245935		544
264		1668		1250655		543
265		1654		1255375		555
266		1655		1260095		549
267		1668		1264815		538
268		1653		1269534		545
269		1643		1274254		547
270		1624		1278973		548
271		1671		1283693		558
272		1659		1288413		552
273		1677		1293131		560
274		1702		1297851		560
275		1673		1302570		540
276		1679		1307290		556
277		1684		1312009		558
278		1675		1316728		564
279		1678		1321446		568
280		1655		1326164		568
281		1685		1330884		566
282		1660		1335603		556
283		1651		1340323		552
284		1673		1345042		554
285		1653		1349762		551
286		1647		1354482		537
287		1624		1359202		538
288		1625		1363922		542
289		1671		1368642		548
290		1657		1373362		545
291		1680		1378080		551
292		1677		1382800		543
293		1665		1387520		536
294		1682		1392240		540
295		1683		1396960		553
296		1648		1401680		545
297		1680		1406399		544
298		1637		1411119		541
299		1620		1415837		546
300		1633		1420557		553
301		1631		1425274		552
302		1632		1429993		548
303		1641		1434712		550
304		1681		1439432		556
305		1673		1444152		557
306		1712		1448871		572
307		1685		1453591		582
308		1687		1458309		571
309		1752		1463029		573
310		1799		1467748		571
311		1803		1472468		575
312		1785		1477188		573
313		1778		1481908		575
314		1764		1486627		569
315		1755		1491347		564
316		1814		1496066		566
317		1801		1500786		562
318		1774		1505506		562
319		1785		1510225		580
320		1800		1514945		576
321		1801		1519665		571
322		1823		1524383		573
323		1867		1529103		578
324		1844		1533823		584
325		1836		1538543		588
326		1835		1543263		586
327		1851		1547982		578
328		1813		1552702		567
329		1792		1557422		560
330		1852		1562142		578
331		1845		1566862		583
332		1857		1571582		575
333		1838		1576300		582
334		1857		1581020		595
335		1868		1585739		588
336		1910		1590459		575
337		1875		1595179		586
338		1888		1599899		584
339		1877		1604619		588
340		1870		1609338		581
341		1868		1614057		589
342		1885		1618777		588
343		1907		1623497		596
344		1925		1628217		600
345		1930		1632936		595
346		1896		1637655		583
347		1908		1642375		595
348		1911		1647093		586
349		1882		1651813		580
350		1866		1656533		578
351		1856		1661251		577
352		1875		1665971		577
353		1874		1670690		588
354		1884		1675409		585
355		1878		1680129		596
356		1893		1684848		597
357		1922		1689567		597
358		1935		1694287		593
359		1906		1699007		603
360		1919		1703726		603
361		1897		1708446		612
362		1875		1713166		611
363		1896		1717886		611
364		1912		1722606		620
365		1921		1727326		624
366		1908		1732046		621
367		1872		1736766		630
368		1891		1741486		626
369		1906		1746205		619
370		1930		1750925		628
371		1954		1755645		635
372		1938		1760364		629
373		1907		1765084		624
374		1900		1769804		626
375		1884		1774523		625
376		1910		1779242		621
377		1921		1783960		625
378		1928		1788680		626
379		1879		1793400		627
380		1906		1798120		629
381		1896		1802840		635
382		1898		1807559		616
383		1923		1812278		646
384		1915		1816998		644
385		1890		1821718		642
386		1906		1826438		640
387		1956		1831157		644
388		1952		1835877		639
389		1910		1840597		631
390		1854		1845317		621
391		1852		1850037		629
392		1855		1854757		617
393		1854		1859477		616
394		1839		1864197		611
395		1864		1868916		611
396		1859		1873635		624
397		1848		1878355		626
398		1841		1883073		616
399		1822		1887792		624
400		1848		1892512		613
401		1829		1897231		606
402		1830		1901949		616
403		1838		1906667		615
404		1868		1911386		617
405		1858		1916105		622
406		1813		1920824		620
407		1813		1925542		618
408		1877		1930261		633
409		1882		1934979		627
410		1921		1939699		635
411		1924		1944419		628
412		1896		1949138		628
413		1901		1953857		632
414		1904		1958573		641
415		1876		1963293		646
416		1884		1968011		641
417		1873		1972731		642
418		1888		1977450		635
419		1880		1982170		644
420		1872		1986890		645
421		1878		1991610		642
422		1882		1996328		648
423		1906		2001048		656
424		1869		2005768		662
425		1892		2010487		665
426		1914		2015206		663
427		1970		2019925		671
428		2004		2024644		680
429		2008		2029364		674
430		1987		2034084		667
431		1967		2038804		671
432		1943		2043524		673
433		1979		2048244		668
434		1953		2052964		656
435		1965		2057684		667
436		1940		2062404		666
437		1944		2067124		661
438		1904		2071844		658
439		1905		2076562		658
440		1879		2081282		649
441		1904		2086002		655
442		1882		2090722		649
443		1861		2095442		635
444		1884		2100162		642
445		1912		2104881		635
446		1892		2109600		641
447		1876		2114320		639
448		1872		2119038		645
449		1881		2123758		652
450		1874		2128478		659
451		1893		2133197		658
452		1882		2137916		659
453		1904		2142636		648
454		1919		2147355		653
455		1914		2152075		646
456		1901		2156795		647
457		1917		2161515		661
458		1913		2166235		655
459		1913		2170954		659
460		1927		2175674		671
461		1920		2180393		670
462		1920		2185113		661
463		1917		2189833		668
464		1910		2194552		677
465		1928		2199272		675
466		1952		2203992		677
467		1976		2208711		681
468		1985		2213430		671
469		1977		2218149		677
470		1995		2222868		679
471		1940		2227588		683
472		1947		2232308		683
473		1954		2237027		691
474		1991		2241746		684
475		2000		2246466		686
476		2021		2251184		688
477		2017		2255904		695
478		2052		2260623		684
479		2053		2265342		690
480		2008		2270060		690
481		1995		2274780		681
482		1992		2279499		677
483		2022		2284219		685
484		2014		2288938		680
485		1998		2293658		686
486		1974		2298378		676
487		2028		2303098		679
488		2017		2307817		674
489		1999		2312537		675
490		2013		2317257		669
491		2002		2321977		666
492		1988		2326697		669
493		1929		2331413		663
494		1954		2336131		668
495		1956		2340850		682
496		1961		2345569		681
497		1978		2350289		666
498		1993		2355008		679
499		2001		2359728		674
500		1984		2364448		675
501		2000		2369168		671
502		1982		2373888		664
503		1995		2378606		675
504		1983		2383326		658
505		1993		2388044		663
506		1959		2392764		662
507		1975		2397484		653
508		2023		2402204		658
509		2054		2406924		664
510		2037		2411643		667
511		1999		2416363		666
512		2015		2421083		669
513		2001		2425803		668
514		1964		2430523		662
515		1957		2435242		654
516		1957		2439961		651
517		1943		2444678		656
518		1952		2449397		655
519		1964		2454116		655
520		1996		2458836		660
521		2000		2463555		658
522		1990		2468275		666
523		1989		2472994		652
524		2020		2477713		658
525		1975		2482433		670
526		1966		2487153		666
527		1935		2491873		664
528		1910		2496593		669
529		1932		2501313		661
530		1938		2506033		655
531		1949		2510751		660
532		1928		2515471		657
533		1953		2520190		661
534		1938		2524910		659
535		1967		2529630		657
536		1927		2534349		660
537		1913		2539068		658
538		1921		2543787		649
539		1902		2548507		649
540		1901		2553227		653
541		1924		2557945		663
542		1978		2562665		664
543		1960		2567385		664
544		1962		2572105		673
545		1902		2576824		669
546		1916		2581544		665
547		1959		2586264		669
548		1967		2590983		672
549		1991		2595703		674
550		2001		2600423		670
551		2003		2605143		679
552		2010		2609863		679
553		2023		2614583		672
554		2020		2619303		672
555		2039		2624023		666
556		2069		2628742		683
557		2079		2633462		678
558		2072		2638182		683
559		2075		2642902		692
560		2103		2647622		693
561		2122		2652340		709
562		2129		2657059		709
563		2154		2661779		700
564		2123		2666498		698
565		2127		2671218		698
566		2090		2675938		694
567		2120		2680657		686
568		2106		2685377		688
569		2118		2690097		695
570		2109		2694816		690
571		2114		2699536		694
572		2134		2704256		693
573		2152		2708976		697
574		2174		2713695		699
575		2190		2718415		703
576		2160		2723134		694
577		2205		2727854		701
578		2212		2732574		703
579		2207		2737293		700
580		2179		2742013		702
581		2215		2746733		696
582		2186		2751453		703
583		2198		2756173		714
584		2145		2760892		709
585		2142		2765612		706
586		2174		2770332		706
587		2176		2775052		704
588		2221		2779772		709
589		2232		2784491		704
590		2210		2789211		702
591		2201		2793931		700
592		2168		2798650		699
593		2151		2803369		698
594		2180		2808088		701
595		2132		2812807		698
596		2138		2817527		699
597		2166		2822245		699
598		2135		2826965		690
599		2139		2831685		694
600		2164		2836405		702
601		2202		2841123		712
602		2235		2845843		695
603		2189		2850563		692
604		2219		2855283		695
605		2188		2860003		693
606		2186		2864721		699
607		2171		2869441		701
608		2163		2874161		688
609		2169		2878880		699
610		2199		2883600		701
611		2202		2888320		700
612		2179		2893039		710
613		2193		2897759		704
614		2196		2902479		702
615		2176		2907198		710
616		2151		2911918		707
617		2155		2916637		710
618		2105		2921356		699
619		2089		2926075		692
620		2084		2930795		699
621		2082		2935515		697
622		2103		2940235		690
623		2110		2944953		683
624		2124		2949673		691
625		2113		2954391		700
626		2100		2959110		692
627		2115		2963829		701
628		2095		2968549		703
629		2117		2973269		693
630		2115		2977988		691
631		2105		2982706		701
632		2104		2987426		712
633		2089		2992145		701
634		2072		2996865		703
635		2092		3001584		701
636		2092		3006304		688
637		2103		3011022		677
638		2092		3015741		688
639		2082		3020460		693
640		2072		3025179		686
641		2095		3029899		690
642		2050		3034619		688
643		2060		3039339		694
644		2087		3044058		694
645		2079		3048777		682
646		2094		3053497		700
647		2100		3058217		694
648		2121		3062937		693
649		2084		3067657		691
650		2082		3072377		694
651		2077		3077097		693
652		2116		3081817		701
653		2100		3086536		702
654		2103		3091255		705
655		2122		3095973		710
656		2143		3100693		698
657		2141		3105413		701
658		2153		3110133		697
659		2115		3114853		710
660		2112		3119573		709
661		2131		3124292		710
662		2082		3129012		704
663		2071		3133732		702
664		2065		3138451		703
665		2072		3143170		701
666		2089		3147890		705
667		2106		3152609		700
668		2085		3157328		709
669		2098		3162048		704
670		2089		3166767		706
671		2081		3171487		702
672		2062		3176205		704
673		2054		3180923		696
674		2061		3185643		692
675		2088		3190363		700
676		2065		3195082		703
677		2075		3199802		712
678		2070		3204522		697
679		2101		3209242		696
680		2093		3213962		707
681		2084		3218681		711
682		2067		3223400		699
683		2081		3228119		706
684		2090		3232839		691
685		2092		3237558		705
686		2070		3242278		714
687		2161		3246997		709
688		2149		3251717		703
689		2138		3256436		703
690		2104		3261156		713
691		2109		3265876		712
692		2166		3270594		705
693		2174		3275313		725
694		2181		3280033		730
695		2185		3284753		733
696		2192		3289473		740
697		2185		3294193		745
698		2167		3298913		746
699		2158		3303633		745
700		2209		3308353		747
701		2169		3313073		742
702		2194		3317790		739
703		2178		3322510		741
704		2151		3327229		742
705		2143		3331949		745
706		2133		3336669		738
707		2122		3341388		748
708		2122		3346106		744
709		2104		3350825		736
710		2102		3355545		733
711		2129		3360264		738
712		2143		3364982		745
713		2137		3369702		738
714		2108		3374422		732
715		2084		3379142		721
716		2112		3383861		720
717		2121		3388581		727
718		2109		3393301		727
719		2140		3398020		726
720		2127		3402738		723
721		2124		3407458		721
722		2100		3412176		717
723		2118		3416896		725
724		2105		3421615		723
725		2148		3426334		738
726		2120		3431054		737
727		2104		3435774		727
728		2088		3440494		739
729		2085		3445214		733
730		2068		3449933		729
731		2061		3454652		727
732		2076		3459372		732
733		2077		3464092		738
734		2111		3468812		738
735		2123		3473531		742
736		2122		3478250		736
737		2111		3482969		746
738		2134		3487689		746
739		2130		3492409		744
740		2129		3497128		746
741		2118		3501848		742
742		2126		3506568		743
743		2119		3511288		743
744		2101		3516007		744
745		2113		3520727		738
746		2097		3525447		737
747		2103		3530167		744
748		2073		3534886		746
749		2121		3539606		747
750		2091		3544324		743
751		2099		3549044		743
752		2119		3553763		746
753		2091		3558482		749
754		2100		3563202		751
755		2112		3567922		744
756		2124		3572642		744
757		2134		3577362		744
758		2130		3582081		735
759		2093		3586801		736
760		2135		3591521		738
761		2121		3596240		735
762		2115		3600960		734
763		2112		3605680		739
764		2118		3610400		740
765		2137		3615120		737
766		2104		3619840		738
767		2109		3624560		744
768		2121		3629278		746
769		2082		3633998		746
770		2062		3638718		736
771		2085		3643437		748
772		2111		3648157		754
773		2129		3652877		757
774		2163		3657597		748
775		2147		3662317		751
776		2152		3667034		744
777		2119		3671754		745
778		2108		3676474		751
779		2104		3681194		750
780		2096		3685914		750
781		2111		3690633		763
782		2116		3695352		761
783		2127		3700072		757
784		2118		3704792		768
785		2121		3709510		768
786		2099		3714230		765
787		2068		3718950		764
788		2046		3723669		763
789		2033		3728389		755
790		2025		3733109		762
791		2025		3737829		762
792		2059		3742548		762
793		2046		3747268		771
794		2032		3751988		754
795		2025		3756707		774
796		2044		3761426		760
797		2031		3766146		763
798		2002		3770866		753
799		2018		3775586		752
800		2027		3780305		747
801		2039		3785025		749
802		2058		3789745		750
803		2039		3794464		749
804		2017		3799183		745
805		2011		3803903		748
806		2012		3808623		768
807		2012		3813343		764
808		2046		3818063		761
809		2042		3822783		766
810		2037		3827503		762
811		2020		3832223		758
812		2004		3836943		755
813		1986		3841663		751
814		2008		3846383		750
815		2031		3851103		749
816		2014		3855823		752
817		2011		3860542		755
818		2059		3865262		745
819		2091		3869981		754
820		2124		3874699		753
821		2092		3879419		756
822		2091		3884138		750
823		2114		3888858		742
824		2105		3893577		742
825		2139		3898295		750
826		2118		3903013		754
827		2111		3907733		747
828		2105		3912453		751
829		2151		3917173		759
830		2124		3921891		754
831		2079		3926610		753
832		2100		3931329		756
833		2108		3936048		764
834		2095		3940765		754
835		2071		3945485		764
836		2047		3950204		754
837		2024		3954922		757
838		1996		3959642		760
839		1997		3964362		759
840		2007		3969082		759
841		1990		3973801		764
842		1996		3978519		760
843		2023		3983238		762
844		2034		3987957		756
845		2018		3992676		758
846		2001		3997393		754
847		2020		4002112		756
848		2030		4006830		754
849		2037		4011550		754
850		2015		4016269		757
851		1974		4020988		757
852		1986		4025708		767
853		2005		4030427		771
854		1985		4035147		766
855		1968		4039867		763
856		1971		4044587		758
857		1949		4049306		756
858		1951		4054024		763
859		1962		4058743		760
860		1946		4063461		758
861		1971		4068180		763
862		1933		4072900		764
863		1974		4077620		762
864		1935		4082340		758
865		1909		4087057		760
866		1918		4091777		744
867		1925		4096496		738
868		1947		4101216		744
869		1936		4105934		748
870		1938		4110653		755
871		1983		4115373		750
872		1988		4120093		756
873		1960		4124813		751
874		1971		4129533		755
875		1953		4134252		757
876		1962		4138967		760
877		1996		4143687		756
878		2008		4148406		758
879		1972		4153126		753
880		1975		4157845		761
881		1980		4162565		758
882		2018		4167285		752
883		2019		4172004		760
884		1982		4176724		754
885		1972		4181443		765
886		1990		4186163		751
887		1935		4190882		745
888		1998		4195602		748
889		1978		4200321		752
890		1979		4205041		747
891		1975		4209760		740
892		1991		4214480		742
893		1983		4219199		746
894		2041		4223919		745
895		2049		4228639		752
896		2060		4233359		747
897		2063		4238078		754
898		2095		4242798		747
899		2061		4247517		747
900		2085		4252236		750
901		2045		4256955		763
902		2029		4261675		769
903		2058		4266395		769
904		2055		4271112		771
905		2049		4275832		766
906		2017		4280552		759
907		2063		4285272		769
908		2072		4289992		767
909		2083		4294712		766
910		2063		4299431		764
911		2027		4304151		754
912		2073		4308871		755
913		2064		4313591		760
914		2104		4318310		760
915		2080		4323029		763
916		2099		4327749		766
917		2126		4332469		770
918		2074		4337188		763
919		2065		4341907		763
920		2084		4346627		766
921		2118		4351347		764
922		2099		4356066		761
923		2068		4360785		771
924		2018		4365505		762
925		2043		4370225		761
926		2078		4374945		762
927		2101		4379663		768
928		2093		4384382		769
929		2080		4389102		774
930		2071		4393821		764
931		2075		4398538		770
932		2069		4403257		765
933		2108		4407977		767
934		2116		4412697		768
935		2129		4417416		764
936		2107		4422134		759
937		2075		4426854		757
938		2084		4431574		759
939		2060		4436293		758
940		2014		4441012		755
941		2042		4445731		757
942		2053		4450451		761
943		2046		4455170		758
944		2054		4459890		758
945		2062		4464609		748
946		2050		4469328		748
947		2075		4474045		754
948		2067		4478764		771
949		2044		4483484		768
950		2059		4488203		763
951		2077		4492922		773
952		2092		4497640		775
953		2068		4502358		781
954		2085		4507078		776
955		2048		4511797		770
956		2053		4516515		769
957		2068		4521235		771
958		2081		4525955		766
959		2081		4530675		770
960		2107		4535394		766
961		2088		4540113		771
962		2108		4544833		768
963		2109		4549553		763
964		2116		4554273		763
965		2142		4558993		758
966		2140		4563713		757
967		2157		4568433		758
968		2129		4573153		767
969		2138		4577873		755
970		2122		4582593		749
971		2120		4587312		758
972		2106		4592032		754
973		2097		4596751		756
974		2122		4601470		765
975		2118		4606189		769
976		2142		4610908		769
977		2133		4615626		768
978		2141		4620346		764
979		2130		4625066		775
980		2122		4629786		775
981		2153		4634506		773
982		2139		4639225		773
983		2122		4643945		770
984		2122		4648663		775
985		2123		4653383		766
986		2097		4658103		777
987		2098		4662822		766
988		2096		4667542		761
989		2122		4672261		761
990		2157		4676981		758
991		2108		4681700		773
992		2134		4686420		767
993		2110		4691140		763
994		2104		4695860		762
995		2094		4700580		764
996		2104		4705300		764
997		2098		4710019		762
998		2076		4714739		762
999		2078		4719458		754
