# Migration is number of nodes that have changed color.

Round		Edge-Cut		Swaps		Migrations		Skipped
0		9914		4720		3137
1		9649		9439		3242
2		9475		14159		3326
3		9273		18877		3391
4		9215		23596		3353
5		9091		28316		3387
6		9028		33036		3415
7		8943		37756		3418
8		8973		42474		3444
9		8945		47193		3455
10		8865		51913		3439
11		8763		56632		3437
12		8855		61350		3466
13		8755		66070		3476
14		8707		70790		3441
15		8725		75510		3487
16		8819		80228		3446
17		8736		84948		3417
18		8698		89668		3448
19		8577		94388		3501
20		8604		99106		3506
21		8501		103826		3457
22		8406		108542		3509
23		8424		113261		3491
24		8439		117981		3480
25		8405		122700		3482
26		8342		127418		3476
27		8307		132138		3491
28		8279		136858		3524
29		8256		141578		3501
30		8178		146296		3491
31		8160		151016		3478
32		8107		155732		3496
33		8058		160452		3455
34		8120		165169		3489
35		8174		169889		3459
36		8197		174608		3496
37		8202		179326		3482
38		8205		184045		3456
39		8148		188764		3473
40		8122		193483		3493
41		8148		198202		3513
42		8126		202921		3523
43		8088		207641		3516
44		8070		212357		3504
45		8041		217074		3461
46		7989		221793		3496
47		7997		226512		3495
48		7983		231230		3490
49		8002		235950		3500
50		8046		240670		3492
51		8019		245390		3503
52		7959		250108		3535
53		7962		254824		3531
54		7915		259543		3498
55		7945		264263		3505
56		7802		268981		3489
57		7809		273701		3502
58		7704		278421		3485
59		7835		283140		3520
60		7841		287860		3486
61		7764		292579		3481
62		7732		297299		3504
63		7806		302017		3498
64		7717		306736		3509
65		7722		311456		3504
66		7640		316175		3528
67		7610		320895		3564
68		7564		325613		3535
69		7542		330332		3479
70		7497		335050		3495
71		7466		339768		3490
72		7536		344485		3501
73		7488		349204		3571
74		7481		353922		3554
75		7444		358640		3535
76		7439		363359		3531
77		7400		368076		3533
78		7431		372796		3517
79		7417		377515		3540
80		7415		382234		3582
81		7287		386954		3576
82		7240		391674		3544
83		7268		396393		3527
84		7223		401113		3539
85		7282		405832		3542
86		7256		410552		3508
87		7310		415270		3518
88		7263		419989		3517
89		7232		424706		3596
90		7224		429426		3553
91		7197		434146		3555
92		7258		438863		3540
93		7297		443583		3541
94		7234		448302		3515
95		7181		453022		3518
96		7202		457740		3516
97		7158		462459		3496
98		7058		467176		3480
99		7012		471895		3522
100		7092		476613		3518
101		7071		481331		3496
102		7154		486049		3540
103		7146		490767		3511
104		7058		495485		3535
105		7115		500203		3523
106		7056		504923		3512
107		7040		509641		3539
108		7070		514359		3568
109		7100		519079		3552
110		7069		523799		3558
111		6992		528518		3515
112		6964		533238		3515
113		6897		537958		3523
114		6947		542677		3526
115		6942		547397		3546
116		6992		552115		3515
117		6976		556834		3549
118		7024		561553		3524
119		7079		566273		3514
120		7000		570993		3567
121		7032		575711		3521
122		6983		580427		3504
123		7045		585145		3481
124		7026		589864		3494
125		7002		594584		3525
126		6974		599303		3474
127		7006		604022		3535
128		7058		608742		3507
129		6952		613462		3510
130		6889		618182		3465
131		6872		622902		3476
132		6918		627621		3495
133		6844		632341		3506
134		6901		637060		3492
135		6867		641779		3505
136		6840		646498		3482
137		6824		651217		3510
138		6781		655936		3455
139		6827		660656		3501
140		6804		665374		3513
141		6762		670093		3473
142		6795		674813		3513
143		6804		679533		3517
144		6827		684253		3471
145		6877		688971		3448
146		6826		693691		3469
147		6877		698409		3474
148		6815		703128		3526
149		6801		707848		3505
150		6806		712566		3548
151		6735		717285		3538
152		6596		722004		3537
153		6528		726724		3547
154		6635		731442		3484
155		6565		736160		3500
156		6561		740879		3507
157		6622		745598		3535
158		6640		750317		3527
159		6643		755035		3501
160		6650		759754		3547
161		6558		764474		3520
162		6552		769193		3499
163		6537		773912		3512
164		6511		778629		3505
165		6585		783348		3550
166		6532		788067		3473
167		6505		792787		3517
168		6472		797507		3555
169		6540		802227		3526
170		6554		806947		3523
171		6497		811666		3532
172		6475		816385		3512
173		6553		821104		3509
174		6506		825822		3537
175		6508		830541		3551
176		6508		835259		3509
177		6511		839978		3523
178		6408		844696		3540
179		6490		849416		3504
180		6486		854135		3565
181		6482		858854		3526
182		6472		863574		3553
183		6439		868294		3541
184		6456		873014		3528
185		6410		877733		3575
186		6495		882453		3534
187		6558		887171		3514
188		6525		891890		3586
189		6528		896610		3527
190		6545		901330		3532
191		6479		906048		3495
192		6540		910768		3514
193		6568		915487		3540
194		6644		920206		3503
195		6614		924923		3490
196		6502		929642		3540
197		6513		934361		3521
198		6524		939079		3497
199		6536		943797		3503
200		6524		948515		3530
201		6512		953234		3472
202		6520		957952		3516
203		6467		962671		3529
204		6439		967389		3495
205		6508		972109		3477
206		6467		976827		3482
207		6427		981546		3478
208		6495		986265		3493
209		6502		990984		3501
210		6477		995704		3538
211		6372		1000424		3547
212		6316		1005144		3543
213		6319		1009864		3499
214		6351		1014583		3522
215		6300		1019301		3522
216		6241		1024019		3499
217		6210		1028738		3535
218		6252		1033458		3554
219		6285		1038176		3541
220		6269		1042893		3538
221		6257		1047610		3500
222		6298		1052330		3506
223		6273		1057049		3523
224		6283		1061768		3502
225		6327		1066486		3511
226		6361		1071205		3547
227		6333		1075925		3530
228		6307		1080644		3582
229		6276		1085363		3540
230		6231		1090081		3553
231		6338		1094800		3560
232		6272		1099520		3530
233		6213		1104239		3515
234		6232		1108957		3551
235		6257		1113673		3565
236		6211		1118393		3520
237		6231		1123112		3545
238		6190		1127830		3502
239		6232		1132550		3519
240		6245		1137266		3526
241		6332		1141985		3509
242		6347		1146705		3529
243		6264		1151422		3508
244		6278		1156142		3551
245		6202		1160858		3503
246		6191		1165576		3484
247		6195		1170296		3492
248		6188		1175014		3494
249		6184		1179733		3503
250		6194		1184452		3538
251		6149		1189171		3541
252		6179		1193889		3521
253		6143		1198607		3535
254		6028		1203327		3521
255		6026		1208047		3516
256		6068		1212766		3531
257		6016		1217485		3481
258		6062		1222204		3526
259		6145		1226923		3499
260		6157		1231643		3504
261		6162		1236363		3501
262		6135		1241082		3525
263		6150		1245802		3538
264		6197		1250520		3490
265		6139		1255239		3484
266		6103		1259955		3533
267		6124		1264675		3544
268		6115		1269394		3493
269		6075		1274110		3543
270		6060		1278827		3535
271		6095		1283547		3497
272		6044		1288263		3535
273		6092		1292981		3501
274		6022		1297699		3520
275		6049		1302418		3492
276		5987		1307135		3477
277		5979		1311853		3501
278		5976		1316570		3455
279		5950		1321289		3493
280		6065		1326007		3461
281		6134		1330724		3489
282		6102		1335443		3500
283		6038		1340161		3478
284		5953		1344880		3478
285		6013		1349599		3508
286		6015		1354317		3478
287		6079		1359036		3482
288		6097		1363754		3505
289		6064		1368472		3493
290		6031		1373188		3512
291		6003		1377908		3485
292		6042		1382625		3555
293		6050		1387345		3510
294		6019		1392065		3491
295		5990		1396784		3540
296		5967		1401503		3512
297		5955		1406222		3497
298		5832		1410941		3518
299		5825		1415658		3519
300		5796		1420377		3485
301		5794		1425097		3540
302		5787		1429816		3531
303		5689		1434535		3536
304		5776		1439253		3507
305		5752		1443973		3491
306		5739		1448693		3527
307		5856		1453413		3524
308		5814		1458129		3543
309		5832		1462848		3504
310		5803		1467566		3507
311		5899		1472283		3544
312		5917		1477002		3492
313		5875		1481720		3513
314		5931		1486440		3517
315		5876		1491159		3528
316		5780		1495878		3512
317		5785		1500596		3518
318		5841		1505316		3526
319		5844		1510035		3529
320		5814		1514754		3535
321		5823		1519473		3541
322		5841		1524193		3541
323		5802		1528913		3547
324		5866		1533632		3501
325		5851		1538350		3491
326		5886		1543068		3521
327		5892		1547788		3523
328		5848		1552505		3496
329		5863		1557224		3530
330		5918		1561943		3524
331		5872		1566662		3528
332		5837		1571380		3486
333		5819		1576098		3498
334		5826		1580817		3495
335		5769		1585535		3512
336		5714		1590254		3487
337		5745		1594972		3506
338		5741		1599691		3505
339		5747		1604411		3504
340		5736		1609130		3514
341		5737		1613850		3465
342		5625		1618570		3496
343		5710		1623287		3507
344		5677		1628006		3521
345		5666		1632725		3500
346		5718		1637440		3477
347		5813		1642158		3505
348		5851		1646875		3497
349		5833		1651595		3478
350		5795		1656313		3508
351		5800		1661033		3502
352		5858		1665753		3510
353		5847		1670472		3548
354		5787		1675190		3525
355		5836		1679908		3526
356		5806		1684628		3475
357		5798		1689345		3501
358		5809		1694064		3531
359		5788		1698782		3516
360		5852		1703500		3534
361		5887		1708220		3516
362		5835		1712940		3541
363		5848		1717659		3479
364		5850		1722377		3482
365		5831		1727097		3504
366		5801		1731817		3498
367		5763		1736537		3504
368		5809		1741255		3500
369		5847		1745975		3518
370		5834		1750694		3533
371		5746		1755414		3496
372		5754		1760132		3509
373		5799		1764851		3518
374		5800		1769570		3488
375		5753		1774290		3500
376		5763		1779010		3503
377		5821		1783730		3509
378		5881		1788450		3493
379		5807		1793170		3524
380		5788		1797889		3524
381		5846		1802609		3513
382		5838		1807328		3513
383		5843		1812046		3509
384		5805		1816764		3558
385		5860		1821482		3521
386		5840		1826202		3534
387		5811		1830919		3519
388		5794		1835638		3523
389		5820		1840357		3528
390		5721		1845075		3511
391		5727		1849793		3516
392		5701		1854513		3519
393		5756		1859233		3524
394		5706		1863952		3533
395		5703		1868672		3502
396		5683		1873392		3491
397		5668		1878110		3476
398		5753		1882830		3506
399		5750		1887548		3467
400		5786		1892267		3495
401		5665		1896985		3523
402		5705		1901703		3503
403		5659		1906423		3487
404		5676		1911143		3515
405		5630		1915861		3530
406		5564		1920581		3530
407		5580		1925301		3519
408		5618		1930020		3550
409		5592		1934740		3539
410		5584		1939460		3544
411		5600		1944178		3566
412		5626		1948897		3536
413		5638		1953616		3542
414		5629		1958336		3521
415		5638		1963054		3530
416		5543		1967771		3510
417		5562		1972490		3549
418		5603		1977209		3520
419		5519		1981929		3489
420		5556		1986647		3492
421		5531		1991367		3524
422		5557		1996085		3507
423		5488		2000800		3483
424		5471		2005517		3541
425		5550		2010235		3527
426		5618		2014954		3504
427		5600		2019673		3536
428		5550		2024392		3530
429		5548		2029112		3528
430		5479		2033831		3515
431		5479		2038549		3493
432		5493		2043269		3530
433		5491		2047989		3532
434		5511		2052709		3493
435		5479		2057428		3495
436		5460		2062147		3479
437		5400		2066867		3501
438		5409		2071586		3529
439		5465		2076305		3521
440		5425		2081025		3536
441		5411		2085743		3557
442		5429		2090463		3499
443		5390		2095183		3530
444		5452		2099902		3527
445		5401		2104621		3510
446		5502		2109340		3566
447		5435		2114058		3514
448		5367		2118777		3531
449		5412		2123496		3507
450		5394		2128215		3498
451		5493		2132934		3560
452		5393		2137651		3530
453		5385		2142369		3571
454		5389		2147086		3562
455		5410		2151805		3517
456		5439		2156524		3509
457		5396		2161244		3508
458		5300		2165964		3501
459		5294		2170684		3500
460		5276		2175404		3516
461		5330		2180123		3508
462		5348		2184843		3508
463		5360		2189563		3495
464		5456		2194282		3529
465		5377		2199000		3499
466		5362		2203717		3519
467		5308		2208437		3529
468		5288		2213153		3520
469		5274		2217871		3524
470		5329		2222590		3518
471		5324		2227310		3509
472		5306		2232029		3553
473		5296		2236748		3561
474		5276		2241468		3568
475		5285		2246187		3552
476		5353		2250906		3544
477		5281		2255626		3552
478		5313		2260344		3563
479		5268		2265063		3534
480		5272		2269781		3501
481		5247		2274500		3511
482		5295		2279217		3520
483		5322		2283935		3555
484		5293		2288654		3540
485		5264		2293372		3510
486		5224		2298091		3532
487		5258		2302810		3546
488		5219		2307526		3536
489		5171		2312245		3562
490		5205		2316963		3523
491		5247		2321683		3562
492		5240		2326402		3515
493		5175		2331122		3511
494		5205		2335840		3545
495		5204		2340558		3514
496		5210		2345276		3538
497		5286		2349994		3499
498		5309		2354713		3481
499		5316		2359432		3515
500		5306		2364150		3507
501		5236		2368867		3505
502		5233		2373587		3530
503		5304		2378304		3534
504		5295		2383023		3484
505		5320		2387741		3543
506		5377		2392459		3527
507		5301		2397178		3503
508		5289		2401894		3505
509		5214		2406614		3514
510		5158		2411334		3517
511		5228		2416050		3530
512		5212		2420769		3513
513		5165		2425489		3537
514		5198		2430209		3534
515		5196		2434929		3529
516		5122		2439645		3513
517		5158		2444362		3507
518		5070		2449081		3539
519		5181		2453799		3564
520		5260		2458517		3518
521		5161		2463236		3541
522		5172		2467952		3528
523		5174		2472671		3499
524		5124		2477391		3514
525		5173		2482111		3549
526		5183		2486830		3569
527		5163		2491548		3523
528		5189		2496268		3519
529		5133		2500986		3494
530		5169		2505706		3530
531		5142		2510426		3514
532		5078		2515145		3507
533		5124		2519865		3474
534		5087		2524584		3492
535		5099		2529300		3483
536		5079		2534020		3494
537		5096		2538738		3537
538		5002		2543458		3541
539		4976		2548178		3536
540		4990		2552896		3489
541		4978		2557615		3513
542		5010		2562334		3517
543		4973		2567050		3532
544		4997		2571769		3531
545		5054		2576489		3474
546		5041		2581208		3491
547		4996		2585925		3521
548		4931		2590645		3491
549		5004		2595362		3521
550		4965		2600081		3504
551		4950		2604799		3522
552		4975		2609519		3512
553		4925		2614238		3499
554		4866		2618956		3477
555		4892		2623676		3487
556		4888		2628396		3502
557		4888		2633113		3520
558		4905		2637832		3523
559		4865		2642550		3556
560		4834		2647268		3537
561		4830		2651986		3510
562		4859		2656701		3521
563		4834		2661420		3482
564		4793		2666138		3546
565		4827		2670857		3538
566		4819		2675576		3526
567		4835		2680296		3545
568		4790		2685012		3569
569		4731		2689728		3542
570		4703		2694447		3531
571		4753		2699164		3523
572		4714		2703883		3541
573		4747		2708601		3530
574		4722		2713320		3554
575		4729		2718039		3539
576		4783		2722759		3574
577		4745		2727478		3578
578		4744		2732196		3515
579		4775		2736914		3533
580		4776		2741634		3547
581		4683		2746351		3524
582		4722		2751070		3540
583		4643		2755787		3530
584		4597		2760506		3550
585		4589		2765226		3540
586		4578		2769946		3526
587		4610		2774664		3541
588		4613		2779384		3547
589		4611		2784104		3572
590		4622		2788824		3521
591		4558		2793544		3516
592		4595		2798264		3494
593		4683		2802982		3527
594		4628		2807700		3532
595		4582		2812418		3490
596		4583		2817138		3515
597		4552		2821857		3523
598		4565		2826576		3504
599		4543		2831294		3507
600		4573		2836013		3516
601		4502		2840733		3516
602		4526		2845451		3518
603		4417		2850170		3527
604		4448		2854886		3537
605		4481		2859606		3512
606		4557		2864326		3514
607		4542		2869045		3510
608		4585		2873764		3564
609		4549		2878484		3509
610		4516		2883204		3511
611		4466		2887924		3523
612		4432		2892643		3501
613		4456		2897363		3493
614		4460		2902082		3472
615		4491		2906799		3493
616		4503		2911515		3485
617		4515		2916234		3473
618		4555		2920953		3539
619		4523		2925673		3473
620		4482		2930393		3522
621		4512		2935113		3533
622		4502		2939832		3556
623		4531		2944549		3581
624		4578		2949267		3563
625		4631		2953987		3518
626		4584		2958707		3502
627		4613		2963427		3513
628		4602		2968146		3515
629		4565		2972865		3528
630		4513		2977582		3528
631		4494		2982300		3524
632		4443		2987019		3478
633		4482		2991738		3496
634		4474		2996458		3506
635		4470		3001178		3518
636		4482		3005898		3480
637		4455		3010617		3523
638		4465		3015337		3520
639		4471		3020056		3511
640		4415		3024772		3539
641		4456		3029491		3496
642		4455		3034210		3519
643		4418		3038929		3522
644		4429		3043645		3476
645		4435		3048365		3465
646		4454		3053083		3500
647		4378		3057800		3504
648		4352		3062519		3502
649		4391		3067239		3491
650		4356		3071959		3494
651		4400		3076679		3473
652		4412		3081397		3471
653		4397		3086115		3496
654		4362		3090835		3488
655		4350		3095555		3488
656		4386		3100274		3510
657		4326		3104992		3500
658		4337		3109712		3480
659		4311		3114431		3505
660		4414		3119149		3507
661		4370		3123869		3503
662		4346		3128589		3482
663		4376		3133309		3493
664		4368		3138029		3509
665		4357		3142749		3500
666		4440		3147467		3548
667		4421		3152187		3533
668		4412		3156903		3496
669		4428		3161623		3532
670		4348		3166341		3545
671		4286		3171060		3532
672		4295		3175776		3499
673		4348		3180495		3512
674		4294		3185214		3519
675		4291		3189928		3538
676		4331		3194648		3522
677		4330		3199366		3514
678		4327		3204085		3523
679		4321		3208804		3496
680		4320		3213523		3546
681		4305		3218242		3530
682		4304		3222962		3517
683		4252		3227681		3521
684		4261		3232399		3492
685		4280		3237119		3502
686		4277		3241839		3524
687		4286		3246555		3484
688		4285		3251273		3521
689		4230		3255992		3505
690		4218		3260712		3532
691		4211		3265431		3533
692		4218		3270150		3495
693		4227		3274870		3539
694		4225		3279587		3496
695		4233		3284305		3495
696		4176		3289025		3475
697		4245		3293745		3493
698		4246		3298462		3476
699		4206		3303182		3488
700		4214		3307902		3501
701		4169		3312621		3549
702		4131		3317339		3516
703		4134		3322058		3530
704		4150		3326777		3564
705		4170		3331496		3503
706		4101		3336216		3539
707		4132		3340936		3508
708		4109		3345656		3516
709		4113		3350376		3509
710		4069		3355094		3546
711		4124		3359813		3512
712		4164		3364532		3513
713		4147		3369251		3500
714		4159		3373967		3514
715		4199		3378687		3568
716		4219		3383407		3534
717		4251		3388125		3517
718		4203		3392844		3512
719		4206		3397564		3519
720		4229		3402284		3538
721		4211		3407002		3514
722		4208		3411721		3525
723		4291		3416439		3522
724		4283		3421157		3515
725		4243		3425877		3485
726		4214		3430596		3507
727		4254		3435316		3539
728		4154		3440032		3539
729		4140		3444752		3534
730		4173		3449472		3515
731		4114		3454192		3500
732		4116		3458909		3476
733		4221		3463628		3547
734		4253		3468347		3535
735		4253		3473066		3523
736		4359		3477786		3534
737		4311		3482506		3512
738		4270		3487226		3518
739		4282		3491946		3530
740		4273		3496666		3556
741		4318		3501385		3555
742		4312		3506105		3514
743		4259		3510823		3516
744		4269		3515542		3511
745		4212		3520260		3519
746		4228		3524979		3521
747		4269		3529699		3484
748		4217		3534417		3486
749		4301		3539135		3470
750		4271		3543854		3482
751		4244		3548573		3508
752		4181		3553293		3517
753		4232		3558013		3501
754		4238		3562733		3528
755		4303		3567451		3541
756		4308		3572171		3491
757		4310		3576890		3514
758		4313		3581610		3492
759		4269		3586328		3520
760		4197		3591047		3481
761		4179		3595765		3503
762		4203		3600482		3499
763		4172		3605198		3479
764		4142		3609916		3462
765		4141		3614634		3471
766		4052		3619350		3511
767		4103		3624068		3496
768		4105		3628788		3502
769		4152		3633507		3491
770		4164		3638227		3471
771		4186		3642947		3501
772		4191		3647667		3509
773		4183		3652387		3498
774		4205		3657107		3498
775		4245		3661827		3533
776		4217		3666545		3527
777		4197		3671265		3507
778		4163		3675985		3481
779		4129		3680704		3506
780		4176		3685423		3492
781		4135		3690142		3530
782		4106		3694860		3537
783		4099		3699580		3508
784		4009		3704299		3474
785		4016		3709018		3525
786		3996		3713736		3509
787		4011		3718453		3504
788		4041		3723173		3519
789		4011		3727891		3522
790		4004		3732610		3510
791		3991		3737329		3513
792		4039		3742049		3500
793		3991		3746767		3535
794		3986		3751485		3510
795		3991		3756205		3546
796		3987		3760925		3539
797		4001		3765644		3527
798		3977		3770363		3543
799		4008		3775081		3531
800		4004		3779800		3514
801		3996		3784518		3508
802		3959		3789238		3505
803		3968		3793957		3524
804		4010		3798677		3518
805		4033		3803396		3511
806		3988		3808116		3515
807		3996		3812836		3528
808		3938		3817555		3491
809		3912		3822274		3499
810		3898		3826992		3533
811		3948		3831712		3531
812		3984		3836431		3500
813		3996		3841151		3505
814		4008		3845871		3509
815		3949		3850589		3509
816		3968		3855308		3488
817		3947		3860027		3512
818		3956		3864746		3479
819		3984		3869465		3526
820		3983		3874184		3508
821		4054		3878901		3518
822		4034		3883620		3524
823		3983		3888340		3506
824		3966		3893060		3509
825		3985		3897779		3511
826		4033		3902497		3534
827		4035		3907214		3505
828		4047		3911934		3500
829		4031		3916652		3514
830		4096		3921371		3514
831		4087		3926087		3502
832		4063		3930807		3540
833		3986		3935526		3546
834		4015		3940245		3506
835		4045		3944964		3490
836		4054		3949682		3515
837		4038		3954402		3525
838		4002		3959121		3513
839		3965		3963840		3500
840		3927		3968560		3525
841		3925		3973280		3514
842		3986		3977999		3513
843		3991		3982719		3507
844		4009		3987439		3514
845		4035		3992156		3496
846		4090		3996875		3492
847		4134		4001594		3525
848		4140		4006312		3493
849		4058		4011031		3501
850		4075		4015749		3506
851		4094		4020468		3516
852		4136		4025187		3526
853		4059		4029905		3511
854		4045		4034624		3504
855		4103		4039342		3547
856		4131		4044060		3534
857		4108		4048779		3520
858		4081		4053495		3522
859		4111		4058214		3505
860		4089		4062933		3500
861		4153		4067651		3512
862		4144		4072369		3523
863		4174		4077087		3496
864		4195		4081806		3477
865		4159		4086526		3474
866		4071		4091245		3503
867		4105		4095963		3503
868		4091		4100682		3481
869		4081		4105400		3529
870		4030		4110118		3531
871		4105		4114837		3490
872		4173		4119553		3513
873		4142		4124271		3523
874		4156		4128990		3501
875		4119		4133708		3520
876		4095		4138428		3504
877		4079		4143146		3528
878		4072		4147866		3520
879		4062		4152586		3523
880		4111		4157303		3513
881		4062		4162022		3520
882		4015		4166740		3500
883		4014		4171459		3511
884		4023		4176179		3500
885		4038		4180898		3514
886		4038		4185617		3535
887		4013		4190335		3513
888		3990		4195053		3515
889		4015		4199771		3492
890		3993		4204490		3474
891		3978		4209209		3475
892		3955		4213928		3522
893		3985		4218648		3491
894		3938		4223366		3527
895		3961		4228086		3498
896		3959		4232804		3503
897		3976		4237523		3522
898		3920		4242241		3504
899		3950		4246960		3512
900		3978		4251678		3489
901		3991		4256397		3499
902		3929		4261115		3513
903		3982		4265832		3485
904		4017		4270551		3515
905		4069		4275271		3508
906		4012		4279990		3494
907		3991		4284710		3487
908		4035		4289427		3491
909		3960		4294147		3540
910		3940		4298866		3525
911		3974		4303584		3508
912		4011		4308301		3531
913		3990		4313020		3516
914		4025		4317739		3488
915		4020		4322459		3497
916		4029		4327177		3494
917		3974		4331894		3512
918		4022		4336614		3477
919		3970		4341334		3484
920		3981		4346053		3491
921		3979		4350773		3492
922		3947		4355493		3495
923		4007		4360213		3516
924		4033		4364933		3510
925		4067		4369653		3507
926		4014		4374371		3498
927		4029		4379090		3466
928		4014		4383807		3499
929		4007		4388525		3532
930		4006		4393243		3484
931		3956		4397961		3495
932		4006		4402681		3513
933		3995		4407399		3489
934		3957		4412119		3506
935		3990		4416839		3499
936		3944		4421557		3474
937		3939		4426276		3485
938		3943		4430996		3486
939		3942		4435716		3484
940		3912		4440436		3518
941		3892		4445155		3490
942		3876		4449875		3486
943		3870		4454595		3497
944		3893		4459315		3484
945		3893		4464035		3473
946		3862		4468754		3510
947		3842		4473472		3494
948		3823		4478189		3499
949		3835		4482907		3505
950		3882		4487625		3505
951		3854		4492344		3491
952		3851		4497064		3497
953		3857		4501783		3487
954		3806		4506502		3495
955		3767		4511222		3501
956		3796		4515942		3485
957		3808		4520661		3519
958		3719		4525381		3491
959		3707		4530098		3519
960		3768		4534817		3508
961		3757		4539536		3513
962		3748		4544253		3493
963		3727		4548972		3475
964		3688		4553691		3490
965		3699		4558408		3463
966		3728		4563128		3507
967		3732		4567847		3519
968		3730		4572566		3514
969		3749		4577284		3518
970		3808		4582003		3501
971		3864		4586722		3505
972		3883		4591441		3532
973		3824		4596160		3504
974		3725		4600880		3548
975		3686		4605599		3529
976		3644		4610318		3502
977		3729		4615037		3527
978		3729		4619754		3487
979		3663		4624472		3470
980		3690		4629191		3522
981		3694		4633909		3494
982		3730		4638627		3499
983		3737		4643345		3506
984		3763		4648064		3510
985		3824		4652783		3507
986		3901		4657501		3507
987		3946		4662220		3519
988		3879		4666940		3483
989		3880		4671660		3466
990		3864		4676379		3460
991		3812		4681098		3468
992		3817		4685813		3490
993		3764		4690532		3457
994		3693		4695249		3477
995		3678		4699969		3487
996		3671		4704689		3494
997		3686		4709405		3499
998		3678		4714125		3495
999		3660		4718843		3483
1000		3701		4723560		3476
1001		3721		4728280		3491
1002		3738		4733000		3480
1003		3724		4737718		3461
1004		3676		4742438		3476
1005		3659		4747158		3524
1006		3680		4751877		3486
1007		3711		4756596		3506
1008		3750		4761316		3504
1009		3749		4766035		3498
1010		3701		4770754		3514
1011		3731		4775472		3494
1012		3740		4780188		3486
1013		3742		4784908		3492
1014		3684		4789626		3468
1015		3662		4794344		3482
1016		3702		4799063		3489
1017		3676		4803782		3495
1018		3640		4808500		3489
1019		3675		4813218		3511
1020		3632		4817937		3476
1021		3600		4822656		3472
1022		3541		4827376		3494
1023		3531		4832095		3475
1024		3554		4836814		3487
1025		3568		4841534		3476
1026		3561		4846254		3487
1027		3542		4850972		3490
1028		3534		4855691		3506
1029		3539		4860411		3468
1030		3518		4865130		3524
1031		3530		4869850		3489
1032		3525		4874569		3509
1033		3504		4879289		3471
1034		3527		4884009		3509
1035		3564		4888726		3496
1036		3644		4893445		3470
1037		3631		4898162		3501
1038		3665		4902882		3499
1039		3680		4907601		3482
1040		3703		4912320		3523
1041		3732		4917039		3521
1042		3701		4921757		3502
1043		3656		4926477		3506
1044		3700		4931195		3518
1045		3710		4935913		3519
1046		3747		4940633		3486
1047		3713		4945353		3489
1048		3743		4950071		3478
1049		3712		4954791		3512
1050		3779		4959510		3477
1051		3762		4964228		3482
1052		3771		4968947		3475
1053		3747		4973664		3475
1054		3725		4978384		3495
1055		3752		4983104		3520
1056		3724		4987822		3523
1057		3742		4992541		3539
1058		3723		4997261		3521
1059		3720		5001981		3512
1060		3713		5006701		3510
1061		3700		5011420		3532
1062		3639		5016140		3513
1063		3691		5020859		3501
1064		3657		5025578		3485
1065		3646		5030298		3484
1066		3640		5035016		3517
1067		3635		5039734		3507
1068		3625		5044452		3499
1069		3630		5049171		3519
1070		3619		5053890		3515
1071		3611		5058608		3520
1072		3591		5063325		3514
1073		3639		5068040		3483
1074		3635		5072759		3526
1075		3660		5077478		3513
1076		3598		5082198		3498
1077		3628		5086918		3474
1078		3641		5091637		3506
1079		3596		5096356		3513
1080		3530		5101075		3495
1081		3567		5105795		3509
1082		3526		5110515		3494
1083		3519		5115234		3494
1084		3549		5119952		3516
1085		3567		5124672		3492
1086		3552		5129392		3500
1087		3504		5134111		3473
1088		3594		5138830		3481
1089		3559		5143549		3474
1090		3564		5148268		3502
1091		3532		5152987		3482
1092		3519		5157707		3496
1093		3474		5162425		3496
1094		3477		5167144		3504
1095		3514		5171862		3491
1096		3479		5176580		3525
1097		3460		5181300		3483
1098		3485		5186019		3482
1099		3440		5190738		3480
1100		3424		5195455		3512
1101		3433		5200174		3494
1102		3428		5204894		3500
1103		3412		5209614		3493
1104		3460		5214333		3505
1105		3383		5219052		3492
1106		3384		5223771		3485
1107		3438		5228489		3481
1108		3396		5233209		3481
1109		3401		5237927		3495
1110		3413		5242643		3500
1111		3404		5247362		3517
1112		3477		5252081		3504
1113		3451		5256799		3506
1114		3483		5261517		3498
1115		3556		5266235		3519
1116		3591		5270955		3497
1117		3644		5275675		3488
1118		3637		5280395		3478
1119		3585		5285113		3500
1120		3570		5289829		3523
1121		3587		5294549		3515
1122		3640		5299264		3519
1123		3639		5303979		3497
1124		3528		5308696		3534
1125		3589		5313413		3484
1126		3606		5318131		3493
1127		3630		5322849		3498
1128		3670		5327569		3508
1129		3617		5332289		3490
1130		3593		5337008		3510
1131		3640		5341727		3518
1132		3650		5346443		3505
1133		3650		5351161		3505
1134		3643		5355881		3515
1135		3646		5360601		3495
1136		3626		5365320		3507
1137		3601		5370038		3470
1138		3620		5374756		3488
1139		3592		5379473		3509
1140		3618		5384192		3515
1141		3602		5388911		3501
1142		3613		5393630		3533
1143		3545		5398350		3488
1144		3550		5403068		3477
1145		3514		5407787		3523
1146		3503		5412506		3497
1147		3498		5417225		3530
1148		3533		5421943		3512
1149		3557		5426660		3521
1150		3538		5431377		3492
1151		3540		5436096		3500
1152		3608		5440816		3482
1153		3664		5445534		3504
1154		3659		5450253		3488
1155		3685		5454972		3500
1156		3693		5459691		3502
1157		3631		5464410		3505
1158		3629		5469127		3513
1159		3618		5473846		3507
1160		3656		5478566		3521
1161		3600		5483286		3521
1162		3590		5488005		3502
1163		3577		5492725		3494
1164		3543		5497445		3494
1165		3549		5502164		3514
1166		3590		5506884		3496
1167		3589		5511601		3544
1168		3541		5516320		3532
1169		3525		5521040		3519
1170		3486		5525759		3541
1171		3538		5530478		3513
1172		3504		5535198		3504
1173		3486		5539918		3498
1174		3508		5544636		3524
1175		3547		5549355		3505
1176		3493		5554075		3490
1177		3521		5558793		3527
1178		3522		5563511		3537
1179		3563		5568231		3501
1180		3523		5572951		3507
1181		3474		5577671		3537
1182		3459		5582390		3543
1183		3468		5587108		3526
1184		3433		5591828		3533
1185		3481		5596547		3553
1186		3440		5601267		3518
1187		3418		5605986		3547
1188		3493		5610703		3544
1189		3521		5615421		3496
1190		3584		5620139		3482
1191		3605		5624859		3528
1192		3625		5629579		3503
1193		3607		5634298		3516
1194		3634		5639016		3494
1195		3558		5643736		3493
1196		3585		5648456		3490
1197		3562		5653176		3513
1198		3605		5657893		3496
1199		3589		5662613		3484
1200		3596		5667332		3495
1201		3597		5672051		3506
1202		3552		5676767		3515
1203		3637		5681487		3518
1204		3636		5686205		3499
1205		3580		5690925		3494
1206		3620		5695643		3520
1207		3611		5700362		3514
1208		3612		5705081		3524
1209		3528		5709798		3487
1210		3485		5714516		3516
1211		3435		5719236		3502
1212		3442		5723954		3540
1213		3359		5728673		3536
1214		3391		5733392		3543
1215		3418		5738110		3501
1216		3429		5742829		3520
1217		3420		5747548		3547
1218		3421		5752267		3546
1219		3413		5756987		3509
1220		3407		5761707		3526
1221		3398		5766426		3540
1222		3400		5771145		3521
1223		3399		5775864		3509
1224		3413		5780584		3502
1225		3350		5785300		3486
1226		3397		5790019		3496
1227		3391		5794737		3489
1228		3371		5799457		3507
1229		3368		5804177		3518
1230		3360		5808895		3507
1231		3359		5813613		3506
1232		3383		5818332		3517
1233		3346		5823052		3476
1234		3294		5827769		3522
1235		3291		5832486		3514
1236		3273		5837204		3503
1237		3263		5841924		3484
1238		3228		5846643		3501
1239		3240		5851363		3481
1240		3257		5856082		3517
1241		3238		5860802		3504
1242		3212		5865521		3511
1243		3267		5870241		3511
1244		3293		5874959		3500
1245		3265		5879678		3512
1246		3263		5884397		3503
1247		3234		5889117		3491
1248		3273		5893836		3518
1249		3230		5898556		3511
1250		3232		5903274		3508
1251		3277		5907993		3493
1252		3263		5912711		3536
1253		3295		5917430		3520
1254		3304		5922150		3520
1255		3279		5926869		3509
1256		3337		5931588		3506
1257		3277		5936306		3510
1258		3283		5941025		3520
1259		3250		5945743		3505
1260		3207		5950461		3539
1261		3233		5955179		3522
1262		3304		5959897		3517
1263		3330		5964614		3513
1264		3267		5969331		3529
1265		3257		5974050		3529
1266		3326		5978768		3528
1267		3276		5983486		3532
1268		3285		5988204		3502
1269		3340		5992924		3511
1270		3348		5997641		3529
1271		3296		6002360		3499
1272		3268		6007078		3520
1273		3240		6011798		3537
1274		3220		6016515		3518
1275		3263		6021234		3494
1276		3282		6025954		3507
1277		3237		6030674		3473
1278		3247		6035392		3501
1279		3238		6040111		3481
1280		3312		6044829		3490
1281		3326		6049548		3481
1282		3412		6054265		3491
1283		3370		6058985		3506
1284		3361		6063703		3479
1285		3389		6068421		3495
1286		3379		6073141		3516
1287		3363		6077858		3511
1288		3358		6082577		3537
1289		3339		6087297		3514
1290		3337		6092017		3505
1291		3376		6096736		3527
1292		3350		6101456		3547
1293		3324		6106172		3514
1294		3280		6110891		3492
1295		3252		6115610		3499
1296		3209		6120327		3525
1297		3209		6125045		3519
1298		3181		6129763		3487
1299		3188		6134481		3522
1300		3273		6139201		3496
1301		3291		6143920		3512
1302		3290		6148639		3506
1303		3231		6153357		3514
1304		3231		6158077		3500
1305		3185		6162795		3522
1306		3154		6167513		3531
1307		3138		6172231		3503
1308		3115		6176947		3493
1309		3125		6181665		3511
1310		3171		6186384		3508
1311		3154		6191104		3490
1312		3095		6195824		3512
1313		3055		6200544		3486
1314		3069		6205260		3490
1315		3039		6209980		3497
1316		3089		6214698		3497
1317		3060		6219417		3497
1318		3120		6224136		3548
1319		3100		6228853		3512
1320		3100		6233572		3522
1321		3124		6238290		3488
1322		3130		6243010		3505
1323		3086		6247730		3513
1324		3070		6252447		3509
1325		3101		6257166		3501
1326		3083		6261885		3499
1327		3098		6266604		3500
1328		3045		6271320		3514
1329		3065		6276038		3517
1330		3063		6280757		3489
1331		3087		6285476		3519
1332		3111		6290196		3498
1333		3094		6294915		3511
1334		3103		6299634		3518
1335		3100		6304353		3508
1336		3098		6309073		3530
1337		3150		6313788		3508
1338		3128		6318506		3533
1339		3052		6323225		3531
1340		3076		6327944		3508
1341		3075		6332663		3492
1342		3106		6337383		3510
1343		3066		6342103		3507
1344		3063		6346821		3505
1345		3049		6351538		3489
1346		3079		6356256		3509
1347		3128		6360975		3527
1348		3139		6365695		3514
1349		3113		6370414		3518
1350		3130		6375133		3510
1351		3120		6379852		3533
1352		3145		6384571		3529
1353		3135		6389291		3500
1354		3159		6394008		3530
1355		3229		6398727		3557
1356		3220		6403444		3496
1357		3180		6408163		3505
1358		3217		6412882		3521
1359		3207		6417601		3523
1360		3211		6422319		3491
1361		3278		6427036		3487
1362		3268		6431755		3507
1363		3281		6436473		3530
1364		3262		6441191		3545
1365		3263		6445911		3550
1366		3210		6450631		3511
1367		3170		6455350		3492
1368		3235		6460070		3496
1369		3182		6464788		3529
1370		3181		6469507		3493
1371		3202		6474227		3487
1372		3240		6478946		3467
1373		3223		6483666		3453
1374		3215		6488386		3476
1375		3288		6493106		3499
1376		3307		6497826		3495
1377		3285		6502545		3503
1378		3267		6507263		3478
1379		3280		6511983		3430
1380		3296		6516703		3474
1381		3328		6521422		3471
1382		3314		6526142		3471
1383		3318		6530861		3486
1384		3361		6535580		3511
1385		3399		6540300		3482
1386		3428		6545019		3483
1387		3474		6549738		3495
1388		3404		6554458		3526
1389		3370		6559178		3497
1390		3399		6563898		3519
1391		3365		6568617		3500
1392		3335		6573335		3489
1393		3328		6578055		3477
1394		3363		6582774		3483
1395		3329		6587492		3523
1396		3317		6592211		3518
1397		3350		6596928		3499
1398		3269		6601648		3488
1399		3258		6606367		3520
1400		3253		6611087		3536
1401		3244		6615806		3526
1402		3291		6620526		3560
1403		3227		6625246		3535
1404		3242		6629966		3510
1405		3272		6634686		3502
1406		3320		6639406		3519
1407		3296		6644125		3495
1408		3306		6648840		3523
1409		3295		6653560		3492
1410		3318		6658279		3517
1411		3313		6662998		3516
1412		3326		6667716		3543
1413		3329		6672436		3540
1414		3304		6677156		3511
1415		3312		6681875		3526
1416		3273		6686593		3510
1417		3279		6691311		3495
1418		3275		6696031		3503
1419		3304		6700750		3487
1420		3289		6705470		3497
1421		3282		6710190		3509
1422		3246		6714910		3514
1423		3253		6719629		3494
1424		3219		6724349		3486
1425		3264		6729069		3493
1426		3175		6733787		3497
1427		3159		6738506		3475
1428		3166		6743225		3485
1429		3200		6747944		3498
1430		3214		6752664		3515
1431		3242		6757384		3505
1432		3231		6762104		3514
1433		3154		6766824		3495
1434		3150		6771542		3502
1435		3185		6776261		3501
1436		3147		6780979		3495
1437		3126		6785697		3494
1438		3194		6790415		3466
1439		3165		6795135		3477
1440		3194		6799855		3465
1441		3163		6804574		3482
1442		3206		6809293		3525
1443		3183		6814011		3492
1444		3175		6818729		3483
1445		3191		6823448		3497
1446		3153		6828167		3506
1447		3179		6832886		3463
1448		3186		6837602		3474
1449		3136		6842320		3475
1450		3119		6847040		3515
1451		3126		6851760		3490
1452		3145		6856478		3468
1453		3144		6861198		3488
1454		3142		6865917		3492
1455		3126		6870635		3479
1456		3155		6875352		3484
1457		3139		6880071		3494
1458		3158		6884791		3495
1459		3125		6889507		3488
1460		3170		6894227		3505
1461		3187		6898946		3518
1462		3239		6903666		3528
1463		3241		6908385		3519
1464		3216		6913105		3486
1465		3231		6917824		3511
1466		3164		6922544		3537
1467		3175		6927264		3504
1468		3159		6931981		3510
1469		3178		6936698		3491
1470		3167		6941417		3511
1471		3180		6946134		3515
1472		3194		6950852		3482
1473		3163		6955571		3499
1474		3149		6960289		3485
1475		3162		6965008		3496
1476		3193		6969728		3513
1477		3156		6974447		3522
1478		3176		6979167		3515
1479		3141		6983886		3511
1480		3181		6988606		3527
1481		3166		6993325		3549
1482		3206		6998045		3538
1483		3187		7002763		3545
1484		3191		7007482		3529
1485		3195		7012201		3545
1486		3231		7016920		3521
1487		3193		7021640		3547
1488		3216		7026360		3541
1489		3190		7031077		3560
1490		3210		7035795		3522
1491		3219		7040512		3526
1492		3224		7045231		3520
1493		3237		7049949		3520
1494		3230		7054667		3527
1495		3190		7059385		3515
1496		3204		7064103		3522
1497		3209		7068823		3539
1498		3186		7073543		3520
1499		3153		7078262		3499
1500		3183		7082982		3502
1501		3201		7087700		3508
1502		3148		7092420		3490
1503		3156		7097139		3497
1504		3183		7101857		3504
1505		3172		7106577		3482
1506		3204		7111297		3483
1507		3213		7116015		3505
1508		3217		7120734		3521
1509		3191		7125454		3510
1510		3147		7130171		3500
1511		3185		7134891		3521
1512		3185		7139611		3501
1513		3227		7144331		3476
1514		3258		7149051		3503
1515		3276		7153770		3500
1516		3243		7158490		3496
1517		3230		7163210		3479
1518		3154		7167929		3482
1519		3163		7172648		3509
1520		3197		7177365		3477
1521		3202		7182082		3495
1522		3143		7186801		3482
1523		3112		7191521		3502
1524		3128		7196240		3520
1525		3090		7200958		3500
1526		3119		7205676		3504
1527		3167		7210395		3485
1528		3150		7215113		3498
1529		3151		7219832		3515
1530		3175		7224549		3522
1531		3169		7229269		3490
1532		3196		7233987		3499
1533		3128		7238707		3482
1534		3111		7243425		3501
1535		3109		7248143		3523
1536		3080		7252862		3516
1537		3113		7257581		3517
1538		3127		7262301		3508
1539		3064		7267020		3507
1540		3067		7271739		3491
1541		3043		7276459		3476
1542		3065		7281177		3469
1543		3098		7285897		3489
1544		3078		7290617		3468
1545		3123		7295337		3479
1546		3106		7300056		3478
1547		3047		7304776		3521
1548		3052		7309496		3504
1549		3029		7314214		3490
1550		3038		7318933		3506
1551		3050		7323651		3499
1552		3090		7328370		3525
1553		3064		7333090		3523
1554		3016		7337809		3507
1555		3032		7342527		3500
1556		3050		7347246		3516
1557		3025		7351965		3525
1558		2981		7356684		3550
1559		3008		7361403		3547
1560		2987		7366121		3502
1561		2950		7370840		3537
1562		2965		7375558		3532
1563		2984		7380277		3523
1564		3000		7384997		3511
1565		2974		7389716		3531
1566		3017		7394434		3525
1567		3076		7399152		3505
1568		3024		7403872		3502
1569		2964		7408590		3527
1570		2924		7413307		3505
1571		2911		7418026		3493
1572		2921		7422746		3498
1573		2992		7427464		3494
1574		2950		7432181		3508
1575		2911		7436900		3500
1576		2894		7441619		3499
1577		2950		7446338		3464
1578		2950		7451057		3482
1579		3010		7455774		3508
1580		3029		7460494		3503
1581		3014		7465214		3516
1582		3045		7469933		3498
1583		3016		7474653		3500
1584		3053		7479373		3499
1585		3043		7484091		3490
1586		3041		7488809		3487
1587		3010		7493529		3501
1588		3068		7498247		3487
1589		3077		7502963		3509
1590		3112		7507680		3500
1591		3058		7512400		3495
1592		3032		7517120		3504
1593		3045		7521839		3509
1594		3068		7526559		3479
1595		3092		7531276		3495
1596		3100		7535994		3482
1597		3108		7540714		3500
1598		3087		7545434		3518
1599		3012		7550153		3508
1600		3071		7554872		3519
1601		3039		7559592		3540
1602		3067		7564311		3504
1603		3084		7569031		3529
1604		3002		7573749		3520
1605		3028		7578469		3500
1606		3034		7583187		3523
1607		3073		7587906		3507
1608		3080		7592625		3509
1609		3045		7597344		3477
1610		3039		7602063		3487
1611		3060		7606781		3530
1612		3025		7611500		3493
1613		3025		7616219		3493
1614		3091		7620938		3483
1615		3045		7625658		3512
1616		3056		7630376		3477
1617		3092		7635094		3508
1618		3073		7639813		3520
1619		3129		7644532		3496
1620		3184		7649249		3508
1621		3186		7653967		3518
1622		3163		7658684		3511
1623		3185		7663404		3481
1624		3142		7668124		3524
1625		3159		7672843		3525
1626		3196		7677562		3529
1627		3164		7682280		3544
1628		3148		7687000		3514
1629		3114		7691718		3517
1630		3152		7696437		3475
1631		3165		7701156		3492
1632		3112		7705875		3491
1633		3112		7710593		3509
1634		3125		7715312		3505
1635		3130		7720030		3515
1636		3180		7724749		3494
1637		3133		7729469		3505
1638		3093		7734187		3512
1639		3128		7738906		3510
1640		3070		7743625		3519
1641		3053		7748344		3513
1642		3023		7753064		3509
1643		3058		7757784		3537
1644		3078		7762503		3544
1645		3088		7767221		3499
1646		3092		7771941		3527
1647		3100		7776658		3499
1648		3111		7781377		3526
1649		3036		7786096		3509
1650		3119		7790813		3503
1651		3146		7795531		3475
1652		3139		7800250		3506
1653		3155		7804967		3496
1654		3184		7809686		3472
1655		3209		7814404		3506
1656		3167		7819123		3515
1657		3256		7823843		3497
1658		3217		7828562		3522
1659		3196		7833279		3510
1660		3221		7837998		3490
1661		3235		7842718		3517
1662		3173		7847438		3520
1663		3130		7852156		3500
1664		3142		7856875		3498
1665		3191		7861594		3521
1666		3222		7866313		3508
1667		3210		7871031		3508
1668		3217		7875750		3510
1669		3151		7880470		3533
1670		3154		7885188		3523
1671		3168		7889906		3498
1672		3186		7894625		3488
1673		3200		7899344		3479
1674		3205		7904064		3482
1675		3185		7908783		3498
1676		3205		7913503		3501
1677		3161		7918223		3511
1678		3178		7922940		3486
1679		3169		7927659		3487
1680		3225		7932379		3498
1681		3248		7937098		3500
1682		3210		7941816		3504
1683		3213		7946534		3515
1684		3188		7951253		3474
1685		3215		7955973		3480
1686		3185		7960692		3513
1687		3129		7965411		3520
1688		3143		7970130		3516
1689		3189		7974848		3535
1690		3231		7979567		3530
1691		3244		7984285		3509
1692		3277		7989005		3498
1693		3237		7993725		3495
1694		3213		7998443		3504
1695		3206		8003163		3493
1696		3196		8007883		3523
1697		3174		8012602		3509
1698		3210		8017322		3504
1699		3233		8022041		3528
1700		3258		8026760		3518
1701		3211		8031479		3498
1702		3191		8036198		3512
1703		3185		8040916		3522
1704		3167		8045634		3516
1705		3162		8050352		3528
1706		3118		8055071		3531
1707		3140		8059789		3528
1708		3187		8064508		3507
1709		3159		8069225		3502
1710		3163		8073943		3488
1711		3157		8078662		3508
1712		3178		8083382		3516
1713		3149		8088101		3531
1714		3146		8092818		3492
1715		3178		8097538		3523
1716		3150		8102258		3515
1717		3145		8106977		3497
1718		3181		8111697		3505
1719		3117		8116416		3500
1720		3105		8121134		3519
1721		3072		8125854		3516
1722		3083		8130572		3523
1723		3095		8135291		3516
1724		3062		8140007		3502
1725		3016		8144726		3502
1726		3006		8149444		3529
1727		2967		8154159		3526
1728		2994		8158877		3528
1729		3022		8163597		3503
1730		3070		8168317		3522
1731		3111		8173037		3532
1732		3100		8177756		3518
1733		3105		8182473		3498
1734		3079		8187192		3491
1735		3053		8191910		3530
1736		3011		8196627		3516
1737		3040		8201347		3492
1738		3050		8206066		3492
1739		3000		8210786		3506
1740		3022		8215505		3495
1741		3049		8220224		3500
1742		3080		8224943		3504
1743		3051		8229660		3527
1744		3100		8234379		3534
1745		3109		8239098		3513
1746		3110		8243818		3535
1747		3119		8248537		3503
1748		3097		8253256		3499
1749		3138		8257976		3515
1750		3139		8262696		3494
1751		3148		8267415		3504
1752		3143		8272133		3480
1753		3162		8276851		3499
1754		3166		8281567		3498
1755		3152		8286287		3505
1756		3113		8291005		3524
1757		3110		8295724		3509
1758		3084		8300442		3502
1759		3077		8305162		3521
1760		3064		8309881		3493
1761		3050		8314599		3523
1762		3061		8319316		3512
1763		3042		8324033		3523
1764		3040		8328753		3502
1765		3063		8333472		3528
1766		3040		8338191		3533
1767		3039		8342911		3541
1768		3031		8347629		3519
1769		2998		8352348		3512
1770		3028		8357067		3523
1771		3018		8361786		3522
1772		2973		8366505		3497
1773		2964		8371224		3508
1774		2980		8375941		3520
1775		2978		8380661		3518
1776		2998		8385380		3522
1777		2967		8390100		3516
1778		2944		8394819		3527
1779		2947		8399539		3521
1780		2873		8404258		3530
1781		2914		8408976		3524
1782		2940		8413696		3536
1783		2945		8418415		3532
1784		3027		8423132		3529
1785		3051		8427849		3523
1786		3004		8432569		3553
1787		3005		8437286		3483
1788		2981		8442006		3513
1789		3016		8446725		3520
1790		2975		8451444		3491
1791		3048		8456163		3516
1792		3046		8460883		3521
1793		3044		8465603		3536
1794		3044		8470323		3524
1795		3011		8475043		3533
1796		3059		8479763		3528
1797		2993		8484483		3514
1798		2999		8489203		3515
1799		3022		8493922		3535
1800		3008		8498637		3536
1801		3020		8503355		3512
1802		3031		8508075		3515
1803		3088		8512795		3523
1804		3078		8517513		3532
1805		3072		8522232		3535
1806		3043		8526951		3511
1807		3118		8531668		3532
1808		3134		8536386		3516
1809		3094		8541106		3533
1810		3145		8545826		3517
1811		3132		8550546		3516
1812		3231		8555266		3530
1813		3190		8559985		3514
1814		3195		8564703		3521
1815		3128		8569422		3531
1816		3127		8574141		3525
1817		3135		8578860		3528
1818		3119		8583578		3520
1819		3120		8588297		3520
1820		3130		8593017		3519
1821		3160		8597736		3524
1822		3087		8602456		3531
1823		3121		8607175		3523
1824		3086		8611894		3513
1825		3112		8616613		3508
1826		3118		8621332		3522
1827		3078		8626052		3518
1828		3054		8630772		3509
1829		3098		8635492		3498
1830		3066		8640212		3505
1831		3076		8644931		3514
1832		3092		8649651		3508
1833		3118		8654371		3543
1834		3163		8659090		3516
1835		3137		8663808		3521
1836		3087		8668527		3498
1837		3141		8673245		3495
1838		3101		8677963		3525
1839		3084		8682683		3533
1840		3096		8687402		3526
1841		3145		8692119		3513
1842		3130		8696837		3503
1843		3143		8701557		3487
1844		3140		8706276		3515
1845		3110		8710995		3493
1846		3092		8715713		3515
1847		3034		8720432		3523
1848		3065		8725152		3503
1849		3066		8729872		3507
1850		3095		8734591		3485
1851		3064		8739310		3513
1852		3075		8744029		3524
1853		3113		8748749		3512
1854		3079		8753469		3503
1855		3067		8758188		3477
1856		3058		8762907		3496
1857		3110		8767626		3483
1858		3165		8772346		3491
1859		3163		8777066		3501
1860		3153		8781786		3518
1861		3164		8786504		3522
1862		3209		8791224		3502
1863		3255		8795942		3520
1864		3222		8800661		3518
1865		3219		8805381		3505
1866		3188		8810101		3522
1867		3151		8814821		3495
1868		3171		8819541		3524
1869		3159		8824259		3524
1870		3129		8828977		3527
1871		3127		8833696		3527
1872		3160		8838412		3530
1873		3160		8843132		3513
1874		3159		8847851		3510
1875		3141		8852571		3510
1876		3136		8857290		3513
1877		3158		8862004		3535
1878		3139		8866721		3529
1879		3113		8871439		3517
1880		3110		8876156		3527
1881		3165		8880875		3518
1882		3159		8885594		3535
1883		3154		8890312		3538
1884		3093		8895030		3507
1885		3070		8899749		3530
1886		3088		8904469		3541
1887		3067		8909188		3518
1888		3092		8913907		3508
1889		3136		8918627		3542
1890		3135		8923346		3544
1891		3116		8928065		3511
1892		3105		8932784		3522
1893		3120		8937504		3564
1894		3096		8942222		3563
1895		3046		8946939		3524
1896		3054		8951658		3488
1897		3039		8956377		3493
1898		3027		8961097		3515
1899		3019		8965817		3492
1900		3056		8970536		3526
1901		3079		8975256		3495
1902		3074		8979975		3511
1903		3110		8984694		3524
1904		3131		8989414		3510
1905		3116		8994133		3515
1906		3084		8998853		3486
1907		3073		9003573		3518
1908		3060		9008292		3513
1909		3059		9013011		3522
1910		3046		9017729		3520
1911		3069		9022448		3475
1912		3041		9027166		3474
1913		3117		9031886		3491
1914		3146		9036601		3488
1915		3093		9041321		3503
1916		3113		9046040		3487
1917		3071		9050760		3497
1918		3138		9055480		3496
1919		3155		9060200		3517
1920		3091		9064918		3511
1921		3096		9069637		3469
1922		3152		9074357		3488
1923		3155		9079077		3489
1924		3139		9083795		3489
1925		3163		9088512		3500
1926		3196		9093231		3522
1927		3211		9097949		3520
1928		3235		9102668		3511
1929		3181		9107388		3524
1930		3208		9112106		3526
1931		3160		9116825		3500
1932		3098		9121542		3530
1933		3065		9126261		3510
1934		3071		9130979		3511
1935		3082		9135698		3496
1936		3062		9140418		3507
1937		3068		9145138		3504
1938		3086		9149857		3503
1939		3038		9154577		3504
1940		3062		9159297		3499
1941		3094		9164017		3498
1942		3080		9168735		3483
1943		3086		9173455		3495
1944		3060		9178175		3514
1945		3068		9182893		3506
1946		3109		9187613		3491
1947		3073		9192332		3502
1948		3053		9197047		3514
1949		3132		9201767		3500
1950		3110		9206486		3525
1951		3088		9211206		3483
1952		3103		9215924		3511
1953		3088		9220644		3488
1954		3043		9225363		3513
1955		3010		9230081		3477
1956		2996		9234801		3503
1957		3041		9239518		3511
1958		3001		9244236		3482
1959		2992		9248954		3504
1960		3027		9253673		3518
1961		3054		9258391		3500
1962		3040		9263110		3493
1963		3100		9267830		3487
1964		3075		9272550		3497
1965		3144		9277270		3475
1966		3118		9281989		3473
1967		3094		9286708		3497
1968		3134		9291428		3532
1969		3091		9296145		3502
1970		3074		9300864		3482
1971		3067		9305581		3501
1972		3031		9310300		3482
1973		3047		9315016		3473
1974		3013		9319736		3497
1975		2978		9324454		3489
1976		2944		9329174		3495
1977		2951		9333894		3510
1978		2920		9338613		3491
1979		2913		9343333		3489
1980		2957		9348053		3517
1981		2906		9352771		3505
1982		2949		9357490		3479
1983		2934		9362210		3496
1984		2931		9366929		3489
1985		2941		9371647		3500
1986		2971		9376365		3462
1987		2946		9381083		3480
1988		2954		9385803		3495
1989		2922		9390523		3488
1990		2946		9395241		3494
1991		2975		9399961		3480
1992		2948		9404680		3491
1993		2924		9409398		3493
1994		2934		9414117		3474
1995		2910		9418836		3492
1996		2931		9423553		3504
1997		2909		9428272		3511
1998		2930		9432991		3485
1999		2932		9437710		3504
