# Migration is number of nodes that have changed color.

Round		Edge-Cut		Swaps		Migrations		Skipped
0		9912		4720		3139
1		9647		9439		3241
2		9439		14157		3284
3		9259		18877		3334
4		9253		23597		3299
5		9067		28317		3401
6		8995		33035		3438
7		9076		37755		3428
8		9040		42474		3453
9		8958		47193		3481
10		8890		51912		3488
11		8887		56631		3489
12		8868		61350		3432
13		8805		66070		3472
14		8637		70790		3482
15		8623		75509		3505
16		8613		80229		3476
17		8573		84949		3499
18		8602		89667		3449
19		8556		94386		3495
20		8419		99102		3457
21		8350		103820		3516
22		8363		108540		3493
23		8267		113259		3569
24		8305		117979		3475
25		8254		122699		3482
26		8281		127416		3470
27		8168		132136		3468
28		8180		136854		3514
29		8098		141573		3514
30		8121		146291		3501
31		8181		151009		3507
32		8071		155726		3522
33		8053		160446		3495
34		8122		165164		3495
35		8074		169881		3521
36		7995		174600		3500
37		8038		179319		3501
38		8016		184039		3479
39		7911		188758		3518
40		7891		193477		3473
41		7804		198194		3483
42		7826		202913		3474
43		7873		207630		3500
44		7916		212348		3478
45		7847		217065		3490
46		7791		221784		3511
47		7757		226504		3504
48		7847		231222		3527
49		7767		235941		3545
50		7848		240657		3553
51		7664		245376		3517
52		7687		250094		3485
53		7699		254814		3458
54		7695		259533		3481
55		7716		264251		3480
56		7670		268970		3439
57		7693		273690		3490
58		7575		278410		3463
59		7601		283128		3432
60		7564		287845		3475
61		7442		292564		3434
62		7456		297284		3466
63		7584		302004		3433
64		7570		306724		3458
65		7510		311443		3463
66		7517		316159		3440
67		7509		320877		3423
68		7612		325597		3456
69		7672		330317		3464
70		7599		335036		3505
71		7580		339756		3500
72		7533		344476		3509
73		7504		349195		3515
74		7541		353915		3527
75		7443		358633		3527
76		7512		363353		3502
77		7542		368072		3505
78		7572		372792		3500
79		7424		377509		3560
80		7456		382229		3532
81		7500		386947		3498
82		7575		391666		3453
83		7529		396385		3460
84		7467		401105		3510
85		7445		405822		3471
86		7358		410542		3470
87		7348		415262		3477
88		7332		419980		3531
89		7340		424697		3535
90		7329		429414		3488
91		7386		434133		3460
92		7264		438853		3507
93		7264		443571		3513
94		7268		448288		3507
95		7269		453004		3522
96		7289		457721		3505
97		7199		462441		3506
98		7238		467160		3540
99		7225		471880		3528
100		7267		476597		3552
101		7264		481317		3499
102		7297		486037		3527
103		7259		490757		3511
104		7225		495476		3483
105		7115		500196		3468
106		7095		504914		3511
107		7070		509634		3510
108		7085		514353		3521
109		7108		519073		3521
110		7103		523792		3547
111		7103		528512		3482
112		7138		533232		3500
113		7084		537951		3492
114		7049		542669		3505
115		7022		547389		3525
116		6941		552106		3476
117		6924		556823		3489
118		6974		561542		3497
119		7011		566262		3492
120		6999		570982		3488
121		6972		575699		3477
122		7020		580419		3495
123		7022		585136		3473
124		7052		589854		3479
125		6987		594572		3514
126		7031		599291		3483
127		7019		604009		3475
128		6932		608729		3505
129		6967		613449		3514
130		6968		618169		3542
131		6984		622889		3495
132		6905		627606		3486
133		6914		632324		3502
134		6916		637044		3498
135		6874		641763		3461
136		6860		646483		3482
137		6856		651202		3479
138		6903		655922		3538
139		6874		660639		3496
140		6822		665359		3480
141		6786		670077		3470
142		6763		674794		3484
143		6840		679511		3436
144		6867		684231		3463
145		6872		688949		3478
146		6863		693669		3524
147		6773		698388		3467
148		6697		703107		3471
149		6764		707826		3512
150		6746		712546		3498
151		6856		717266		3473
152		6869		721985		3464
153		6888		726705		3479
154		6884		731424		3495
155		6884		736144		3479
156		6925		740862		3475
157		6917		745582		3487
158		6869		750301		3479
159		6915		755021		3495
160		6815		759741		3533
161		6802		764459		3476
162		6807		769178		3516
163		6879		773897		3505
164		6852		778616		3459
165		6934		783335		3485
166		6871		788054		3498
167		6823		792772		3487
168		6840		797491		3502
169		6857		802211		3566
170		6867		806930		3476
171		6816		811650		3493
172		6853		816370		3481
173		6835		821088		3441
174		6798		825808		3497
175		6738		830526		3473
176		6739		835243		3462
177		6672		839963		3486
178		6685		844683		3440
179		6623		849399		3488
180		6615		854118		3499
181		6630		858837		3488
182		6707		863556		3459
183		6704		868275		3468
184		6592		872995		3454
185		6460		877715		3445
186		6502		882434		3478
187		6433		887151		3488
188		6448		891868		3502
189		6313		896587		3447
190		6263		901307		3474
191		6280		906026		3457
192		6370		910744		3456
193		6396		915464		3488
194		6434		920182		3484
195		6367		924901		3450
196		6340		929621		3486
197		6308		934340		3466
198		6298		939059		3452
199		6405		943778		3500
200		6398		948496		3477
201		6419		953215		3498
202		6391		957935		3507
203		6398		962653		3525
204		6360		967373		3490
205		6301		972092		3432
206		6365		976812		3510
207		6358		981532		3533
208		6374		986249		3516
209		6374		990968		3508
210		6405		995687		3478
211		6353		1000404		3465
212		6385		1005123		3461
213		6317		1009843		3489
214		6273		1014563		3494
215		6306		1019282		3459
216		6316		1024002		3488
217		6250		1028721		3494
218		6289		1033440		3437
219		6279		1038160		3468
220		6313		1042879		3469
221		6391		1047598		3500
222		6413		1052316		3484
223		6390		1057035		3482
224		6397		1061753		3457
225		6321		1066470		3435
226		6314		1071188		3469
227		6232		1075907		3490
228		6219		1080626		3504
229		6194		1085346		3492
230		6200		1090065		3475
231		6151		1094784		3501
232		6154		1099503		3499
233		6074		1104223		3479
234		6159		1108942		3500
235		6140		1113661		3511
236		6112		1118379		3488
237		6085		1123099		3496
238		6104		1127818		3501
239		6027		1132534		3496
240		6048		1137253		3514
241		6032		1141973		3490
242		5937		1146692		3502
243		5860		1151411		3491
244		5900		1156130		3476
245		5834		1160848		3513
246		5754		1165566		3477
247		5791		1170283		3481
248		5738		1175002		3469
249		5748		1179722		3464
250		5763		1184442		3493
251		5779		1189161		3469
252		5735		1193879		3504
253		5683		1198599		3525
254		5722		1203319		3486
255		5726		1208039		3499
256		5751		1212759		3526
257		5738		1217477		3517
258		5662		1222195		3481
259		5690		1226914		3491
260		5649		1231633		3486
261		5646		1236353		3481
262		5725		1241071		3483
263		5697		1245790		3467
264		5670		1250509		3467
265		5696		1255228		3481
266		5783		1259947		3459
267		5816		1264665		3456
268		5817		1269385		3491
269		5862		1274103		3519
270		5880		1278819		3473
271		5891		1283539		3445
272		5934		1288258		3465
273		5896		1292978		3469
274		5865		1297697		3452
275		5880		1302415		3449
276		5964		1307132		3468
277		6002		1311851		3478
278		5941		1316571		3464
279		5917		1321290		3488
280		5911		1326009		3495
281		5876		1330729		3449
282		5869		1335448		3499
283		5869		1340167		3477
284		5882		1344885		3466
285		5804		1349605		3470
286		5797		1354324		3486
287		5745		1359042		3520
288		5750		1363762		3511
289		5684		1368482		3538
290		5694		1373200		3485
291		5731		1377918		3525
292		5758		1382638		3502
293		5769		1387357		3510
294		5762		1392077		3509
295		5751		1396793		3502
296		5848		1401510		3485
297		5827		1406229		3520
298		5814		1410946		3507
299		5805		1415663		3508
300		5810		1420383		3518
301		5784		1425101		3535
302		5813		1429819		3532
303		5786		1434538		3518
304		5757		1439258		3527
305		5708		1443977		3535
306		5749		1448696		3482
307		5831		1453414		3521
308		5742		1458132		3494
309		5713		1462850		3487
310		5758		1467568		3485
311		5862		1472287		3502
312		5879		1477005		3465
313		5822		1481725		3511
314		5839		1486443		3523
315		5768		1491160		3525
316		5824		1495879		3505
317		5799		1500595		3524
318		5829		1505315		3494
319		5758		1510034		3475
320		5729		1514753		3494
321		5653		1519473		3493
322		5723		1524191		3473
323		5574		1528911		3479
324		5538		1533628		3464
325		5606		1538344		3479
326		5636		1543063		3466
327		5595		1547778		3456
328		5607		1552497		3493
329		5615		1557217		3490
330		5634		1561937		3523
331		5561		1566657		3464
332		5597		1571374		3505
333		5572		1576093		3483
334		5609		1580813		3471
335		5609		1585532		3539
336		5577		1590251		3518
337		5584		1594970		3538
338		5539		1599690		3536
339		5533		1604409		3527
340		5525		1609127		3497
341		5523		1613847		3484
342		5447		1618566		3504
343		5463		1623284		3506
344		5440		1628004		3452
345		5525		1632722		3475
346		5464		1637442		3511
347		5444		1642162		3525
348		5446		1646879		3530
349		5432		1651598		3525
350		5438		1656317		3493
351		5383		1661036		3510
352		5443		1665755		3480
353		5447		1670474		3497
354		5432		1675193		3477
355		5466		1679912		3483
356		5374		1684632		3483
357		5368		1689352		3484
358		5401		1694072		3488
359		5458		1698791		3466
360		5467		1703508		3487
361		5498		1708224		3484
362		5521		1712944		3506
363		5516		1717660		3474
364		5543		1722379		3492
365		5572		1727097		3489
366		5542		1731814		3513
367		5560		1736532		3513
368		5538		1741250		3486
369		5515		1745968		3496
370		5523		1750687		3500
371		5590		1755406		3460
372		5606		1760123		3484
373		5547		1764840		3466
374		5563		1769558		3472
375		5551		1774278		3487
376		5604		1778997		3501
377		5586		1783717		3506
378		5522		1788436		3488
379		5473		1793156		3484
380		5454		1797873		3517
381		5365		1802591		3488
382		5330		1807311		3504
383		5317		1812028		3530
384		5326		1816747		3479
385		5313		1821467		3477
386		5325		1826186		3485
387		5348		1830905		3468
388		5326		1835625		3502
389		5320		1840344		3486
390		5371		1845064		3482
391		5330		1849781		3480
392		5361		1854500		3501
393		5376		1859218		3488
394		5341		1863934		3484
395		5268		1868654		3478
396		5224		1873374		3505
397		5183		1878092		3459
398		5142		1882812		3496
399		5188		1887531		3459
400		5245		1892248		3469
401		5237		1896966		3468
402		5269		1901685		3493
403		5348		1906405		3504
404		5339		1911123		3470
405		5301		1915843		3496
406		5348		1920563		3504
407		5297		1925282		3455
408		5364		1930000		3460
409		5316		1934720		3517
410		5364		1939439		3512
411		5359		1944159		3505
412		5343		1948878		3486
413		5253		1953598		3505
414		5279		1958318		3521
415		5213		1963036		3550
416		5251		1967755		3499
417		5274		1972475		3491
418		5248		1977195		3487
419		5233		1981913		3498
420		5244		1986633		3504
421		5247		1991353		3486
422		5159		1996070		3545
423		5083		2000785		3531
424		5198		2005504		3478
425		5146		2010224		3469
426		5167		2014941		3520
427		5202		2019660		3500
428		5266		2024380		3505
429		5265		2029100		3501
430		5255		2033819		3506
431		5237		2038539		3472
432		5236		2043257		3487
433		5235		2047977		3506
434		5321		2052696		3478
435		5342		2057414		3522
436		5296		2062131		3521
437		5250		2066851		3485
438		5247		2071571		3495
439		5166		2076290		3494
440		5155		2081010		3468
441		5175		2085730		3511
442		5156		2090449		3530
443		5143		2095168		3488
444		5199		2099888		3518
445		5185		2104608		3506
446		5194		2109328		3487
447		5184		2114047		3517
448		5108		2118766		3526
449		5154		2123486		3520
450		5215		2128205		3528
451		5227		2132925		3501
452		5297		2137644		3505
453		5252		2142364		3526
454		5150		2147084		3516
455		5195		2151804		3517
456		5225		2156521		3514
457		5205		2161239		3527
458		5172		2165959		3515
459		5138		2170677		3503
460		5096		2175397		3494
461		5089		2180116		3487
462		5061		2184835		3458
463		5091		2189552		3490
464		5086		2194269		3505
465		5026		2198988		3493
466		5059		2203706		3510
467		5094		2208424		3521
468		5070		2213142		3501
469		5062		2217859		3496
470		4993		2222579		3510
471		5020		2227299		3511
472		4888		2232017		3483
473		4866		2236736		3510
474		4933		2241453		3468
475		4986		2246172		3470
476		5030		2250889		3477
477		4993		2255607		3441
478		4975		2260327		3507
479		4941		2265047		3433
480		4863		2269767		3469
481		4905		2274486		3462
482		4904		2279206		3449
483		4865		2283924		3493
484		4797		2288643		3473
485		4769		2293361		3472
486		4732		2298080		3468
487		4648		2302800		3472
488		4704		2307520		3462
489		4716		2312240		3480
490		4783		2316960		3482
491		4808		2321680		3472
492		4787		2326400		3479
493		4768		2331119		3455
494		4723		2335839		3484
495		4691		2340559		3461
496		4714		2345277		3511
497		4743		2349997		3486
498		4770		2354716		3527
499		4842		2359435		3483
500		4799		2364153		3479
501		4779		2368872		3494
502		4743		2373592		3497
503		4787		2378311		3490
504		4750		2383030		3470
505		4722		2387748		3469
506		4775		2392468		3509
507		4837		2397186		3490
508		4729		2401905		3477
509		4731		2406625		3480
510		4691		2411344		3459
511		4654		2416064		3496
512		4681		2420784		3459
513		4730		2425503		3472
514		4702		2430220		3477
515		4723		2434940		3483
516		4803		2439659		3453
517		4820		2444376		3449
518		4869		2449093		3481
519		4839		2453812		3454
520		4792		2458531		3474
521		4811		2463250		3457
522		4816		2467970		3499
523		4793		2472690		3470
524		4875		2477410		3463
525		4797		2482129		3474
526		4769		2486848		3477
527		4736		2491566		3518
528		4702		2496285		3494
529		4706		2501005		3467
530		4769		2505724		3475
531		4759		2510440		3503
532		4730		2515158		3477
533		4712		2519877		3464
534		4698		2524596		3519
535		4691		2529314		3495
536		4726		2534032		3491
537		4728		2538750		3503
538		4754		2543468		3525
539		4736		2548187		3505
540		4703		2552907		3484
541		4620		2557627		3478
542		4679		2562347		3492
543		4671		2567066		3473
544		4636		2571784		3474
545		4640		2576504		3488
546		4663		2581223		3482
547		4662		2585942		3460
548		4608		2590660		3501
549		4601		2595380		3485
550		4606		2600097		3532
551		4600		2604816		3490
552		4557		2609534		3515
553		4514		2614253		3496
554		4513		2618973		3488
555		4592		2623693		3503
556		4533		2628413		3536
557		4491		2633132		3504
558		4491		2637851		3493
559		4476		2642570		3500
560		4433		2647289		3478
561		4350		2652004		3497
562		4408		2656724		3488
563		4432		2661442		3507
564		4420		2666162		3498
565		4424		2670880		3501
566		4421		2675599		3519
567		4451		2680318		3517
568		4459		2685036		3516
569		4421		2689755		3509
570		4382		2694475		3490
571		4349		2699194		3475
572		4382		2703914		3512
573		4352		2708632		3485
574		4319		2713351		3488
575		4304		2718071		3482
576		4288		2722791		3487
577		4290		2727511		3492
578		4268		2732229		3480
579		4233		2736946		3502
580		4314		2741663		3539
581		4343		2746380		3516
582		4318		2751099		3496
583		4347		2755819		3476
584		4325		2760536		3515
585		4325		2765255		3490
586		4272		2769973		3526
587		4298		2774692		3494
588		4309		2779410		3470
589		4275		2784127		3501
590		4263		2788845		3479
591		4293		2793563		3495
592		4287		2798283		3489
593		4263		2803000		3494
594		4331		2807720		3498
595		4312		2812439		3512
596		4294		2817158		3500
597		4321		2821877		3459
598		4346		2826597		3501
599		4315		2831316		3511
600		4297		2836035		3493
601		4335		2840752		3500
602		4380		2845470		3515
603		4346		2850189		3531
604		4217		2854907		3481
605		4184		2859627		3464
606		4221		2864346		3515
607		4264		2869064		3492
608		4266		2873780		3502
609		4261		2878500		3505
610		4324		2883219		3523
611		4304		2887938		3528
612		4253		2892655		3537
613		4292		2897374		3503
614		4339		2902092		3527
615		4366		2906812		3508
616		4335		2911531		3518
617		4320		2916251		3487
618		4346		2920970		3515
619		4395		2925688		3500
620		4429		2930408		3529
621		4403		2935127		3483
622		4373		2939846		3516
623		4305		2944565		3485
624		4327		2949284		3519
625		4335		2954004		3485
626		4389		2958724		3529
627		4364		2963442		3560
628		4389		2968160		3546
629		4364		2972878		3543
630		4383		2977597		3503
631		4448		2982317		3519
632		4353		2987035		3501
633		4340		2991752		3472
634		4346		2996471		3488
635		4329		3001191		3490
636		4318		3005908		3508
637		4280		3010628		3492
638		4285		3015347		3469
639		4297		3020066		3494
640		4298		3024786		3454
641		4285		3029506		3463
642		4206		3034226		3482
643		4205		3038945		3476
644		4211		3043665		3453
645		4203		3048385		3463
646		4198		3053104		3483
647		4162		3057824		3508
648		4117		3062543		3461
649		4150		3067263		3468
650		4196		3071982		3490
651		4158		3076702		3498
652		4186		3081420		3506
653		4256		3086139		3489
654		4263		3090859		3495
655		4282		3095579		3470
656		4268		3100299		3505
657		4261		3105016		3522
658		4261		3109735		3508
659		4241		3114453		3529
660		4224		3119171		3518
661		4207		3123891		3478
662		4211		3128611		3483
663		4238		3133330		3478
664		4269		3138049		3501
665		4214		3142765		3478
666		4218		3147483		3483
667		4240		3152201		3466
668		4237		3156920		3510
669		4228		3161639		3502
670		4221		3166359		3515
671		4220		3171076		3468
672		4269		3175794		3487
673		4282		3180513		3495
674		4267		3185233		3512
675		4253		3189949		3503
676		4241		3194667		3513
677		4272		3199385		3511
678		4197		3204104		3495
679		4242		3208822		3480
680		4302		3213542		3464
681		4231		3218262		3486
682		4243		3222982		3485
683		4247		3227702		3489
684		4230		3232422		3483
685		4219		3237141		3520
686		4211		3241860		3478
687		4169		3246579		3462
688		4148		3251299		3499
689		4151		3256019		3465
690		4247		3260737		3493
691		4225		3265457		3492
692		4249		3270177		3472
693		4263		3274896		3473
694		4172		3279615		3476
695		4260		3284334		3453
696		4255		3289054		3462
697		4315		3293774		3477
698		4344		3298494		3475
699		4317		3303212		3522
700		4313		3307932		3506
701		4300		3312650		3509
702		4312		3317370		3478
703		4337		3322089		3486
704		4310		3326807		3489
705		4338		3331526		3472
706		4322		3336246		3474
707		4337		3340964		3485
708		4293		3345680		3525
709		4261		3350399		3495
710		4297		3355118		3498
711		4290		3359838		3514
712		4260		3364555		3510
713		4256		3369275		3480
714		4270		3373993		3471
715		4292		3378713		3521
716		4297		3383432		3486
717		4311		3388152		3505
718		4317		3392872		3504
719		4243		3397590		3471
720		4245		3402309		3497
721		4265		3407029		3484
722		4252		3411747		3491
723		4296		3416467		3498
724		4271		3421186		3501
725		4256		3425904		3462
726		4178		3430623		3502
727		4140		3435341		3484
728		4124		3440060		3484
729		4078		3444777		3485
730		4081		3449497		3454
731		4062		3454215		3501
732		4024		3458932		3512
733		4066		3463652		3482
734		4084		3468371		3492
735		4093		3473090		3465
736		4040		3477808		3482
737		4032		3482526		3441
738		4014		3487245		3459
739		4007		3491965		3492
740		4034		3496682		3471
741		4015		3501400		3484
742		4067		3506116		3484
743		4088		3510836		3478
744		4039		3515556		3483
745		4109		3520274		3464
746		4067		3524991		3473
747		4019		3529709		3474
748		4014		3534426		3461
749		4039		3539146		3479
750		4097		3543864		3485
751		4170		3548584		3494
752		4172		3553303		3483
753		4091		3558021		3481
754		4074		3562739		3478
755		4125		3567459		3477
756		4131		3572178		3500
757		4141		3576898		3473
758		4079		3581617		3489
759		4187		3586335		3485
760		4188		3591054		3454
761		4166		3595774		3527
762		4167		3600490		3483
763		4168		3605208		3505
764		4197		3609928		3476
765		4154		3614646		3464
766		4205		3619366		3480
767		4133		3624084		3495
768		4164		3628801		3506
769		4219		3633519		3520
770		4239		3638238		3507
771		4240		3642958		3496
772		4215		3647678		3491
773		4180		3652397		3520
774		4155		3657116		3523
775		4214		3661833		3503
776		4125		3666550		3513
777		4192		3671269		3515
778		4231		3675989		3503
779		4236		3680708		3499
780		4202		3685428		3507
781		4284		3690147		3488
782		4263		3694866		3477
783		4197		3699585		3482
784		4201		3704303		3506
785		4166		3709021		3537
786		4123		3713740		3512
787		4186		3718457		3509
788		4132		3723175		3531
789		4121		3727894		3530
790		4112		3732608		3563
791		4082		3737328		3502
792		4059		3742047		3526
793		3999		3746766		3523
794		4006		3751484		3543
795		4064		3756202		3515
796		4042		3760922		3506
797		4057		3765640		3515
798		4056		3770359		3522
799		4111		3775079		3504
800		4117		3779798		3504
801		4094		3784518		3482
802		4105		3789238		3470
803		4043		3793957		3481
804		4037		3798676		3458
805		3978		3803394		3514
806		4047		3808112		3510
807		4049		3812831		3504
808		4042		3817550		3480
809		4024		3822268		3477
810		4006		3826986		3525
811		3991		3831704		3528
812		3961		3836420		3519
813		3966		3841138		3496
814		3916		3845857		3521
815		3917		3850576		3510
816		3926		3855295		3518
817		3906		3860013		3484
818		3957		3864731		3474
819		3971		3869448		3486
820		3924		3874166		3515
821		3940		3878886		3509
822		3928		3883604		3518
823		3893		3888323		3491
824		3959		3893042		3456
825		3974		3897761		3481
826		4032		3902481		3495
827		4010		3907201		3496
828		3977		3911920		3515
829		3930		3916639		3493
830		3907		3921358		3488
831		3966		3926076		3489
832		3975		3930795		3510
833		3961		3935513		3491
834		3967		3940233		3511
835		3990		3944952		3476
836		3948		3949670		3520
837		3921		3954387		3465
838		3966		3959104		3491
839		3943		3963823		3460
840		3955		3968542		3527
841		3962		3973259		3527
842		3939		3977976		3500
843		3939		3982696		3509
844		4013		3987414		3512
845		3948		3992134		3494
846		3934		3996853		3477
847		3934		4001572		3481
848		3948		4006291		3506
849		3927		4011007		3510
850		3939		4015727		3489
851		3920		4020444		3503
852		3908		4025163		3474
853		3905		4029883		3491
854		3858		4034601		3510
855		3839		4039320		3504
856		3796		4044038		3491
857		3790		4048756		3503
858		3768		4053475		3516
859		3799		4058195		3515
860		3799		4062912		3519
861		3822		4067632		3496
862		3759		4072352		3503
863		3723		4077070		3526
864		3716		4081789		3529
865		3711		4086507		3518
866		3728		4091224		3521
867		3764		4095943		3504
868		3787		4100663		3499
869		3765		4105381		3521
870		3735		4110100		3530
871		3699		4114819		3526
872		3703		4119537		3531
873		3714		4124255		3520
874		3744		4128974		3498
875		3723		4133693		3501
876		3751		4138413		3502
877		3757		4143132		3508
878		3736		4147851		3520
879		3693		4152569		3533
880		3745		4157288		3508
881		3790		4162006		3510
882		3789		4166725		3514
883		3788		4171445		3504
884		3762		4176165		3511
885		3783		4180884		3490
886		3798		4185599		3523
887		3810		4190319		3511
888		3752		4195036		3481
889		3817		4199755		3499
890		3810		4204475		3518
891		3761		4209195		3488
892		3776		4213914		3506
893		3758		4218633		3499
894		3748		4223352		3504
895		3726		4228069		3515
896		3705		4232787		3517
897		3769		4237505		3484
898		3795		4242224		3498
899		3779		4246943		3511
900		3751		4251663		3473
901		3731		4256383		3487
902		3744		4261102		3518
903		3639		4265821		3503
904		3657		4270541		3483
905		3750		4275256		3471
906		3787		4279975		3526
907		3747		4284694		3521
908		3839		4289412		3517
909		3804		4294132		3520
910		3837		4298850		3538
911		3858		4303569		3511
912		3849		4308289		3507
913		3830		4313007		3510
914		3855		4317724		3503
915		3904		4322441		3496
916		3896		4327160		3496
917		3854		4331878		3493
918		3838		4336598		3483
919		3845		4341318		3501
920		3827		4346038		3507
921		3770		4350757		3496
922		3769		4355475		3496
923		3761		4360194		3503
924		3775		4364911		3521
925		3800		4369630		3489
926		3864		4374348		3473
927		3808		4379066		3464
928		3760		4383785		3486
929		3752		4388505		3476
930		3780		4393225		3480
931		3795		4397945		3466
932		3828		4402663		3484
933		3815		4407382		3516
934		3761		4412100		3486
935		3768		4416819		3491
936		3783		4421537		3466
937		3822		4426256		3494
938		3826		4430975		3493
939		3787		4435695		3485
940		3803		4440410		3477
941		3850		4445126		3506
942		3863		4449843		3501
943		3845		4454562		3471
944		3794		4459282		3471
945		3790		4464000		3501
946		3866		4468719		3495
947		3814		4473438		3491
948		3728		4478156		3493
949		3691		4482873		3479
950		3678		4487592		3497
951		3723		4492310		3503
952		3667		4497030		3513
953		3686		4501750		3485
954		3658		4506469		3498
955		3713		4511187		3506
956		3716		4515905		3506
957		3661		4520625		3478
958		3670		4525344		3488
959		3606		4530062		3503
960		3677		4534782		3491
961		3703		4539502		3479
962		3664		4544219		3491
963		3714		4548939		3480
964		3733		4553658		3514
965		3648		4558378		3480
966		3656		4563095		3493
967		3698		4567813		3480
968		3712		4572533		3503
969		3698		4577252		3511
970		3664		4581972		3523
971		3694		4586691		3474
972		3735		4591410		3486
973		3718		4596129		3491
974		3689		4600848		3504
975		3683		4605567		3510
976		3659		4610285		3497
977		3638		4615003		3501
978		3650		4619723		3490
979		3599		4624442		3471
980		3596		4629160		3503
981		3546		4633877		3521
982		3544		4638596		3495
983		3564		4643316		3508
984		3594		4648035		3495
985		3529		4652754		3509
986		3512		4657472		3521
987		3488		4662191		3517
988		3487		4666911		3520
989		3509		4671628		3494
990		3537		4676347		3494
991		3527		4681065		3510
992		3584		4685785		3500
993		3587		4690504		3536
994		3572		4695223		3523
995		3584		4699940		3491
996		3547		4704660		3509
997		3569		4709380		3475
998		3574		4714100		3500
999		3583		4718820		3505
1000		3536		4723535		3534
1001		3521		4728254		3528
1002		3535		4732971		3512
1003		3571		4737689		3534
1004		3517		4742408		3519
1005		3496		4747126		3491
1006		3569		4751846		3531
1007		3526		4756566		3518
1008		3547		4761286		3488
1009		3549		4766005		3510
1010		3616		4770724		3496
1011		3683		4775443		3490
1012		3619		4780160		3514
1013		3580		4784879		3512
1014		3550		4789598		3479
1015		3541		4794317		3521
1016		3518		4799037		3491
1017		3573		4803756		3503
1018		3550		4808475		3476
1019		3543		4813192		3522
1020		3539		4817911		3510
1021		3534		4822631		3521
1022		3532		4827350		3503
1023		3552		4832069		3525
1024		3581		4836788		3497
1025		3560		4841508		3494
1026		3613		4846228		3483
1027		3599		4850948		3508
1028		3607		4855667		3489
1029		3619		4860386		3480
1030		3625		4865105		3502
1031		3670		4869825		3472
1032		3675		4874543		3520
1033		3675		4879263		3501
1034		3701		4883983		3497
1035		3689		4888702		3479
1036		3687		4893421		3499
1037		3694		4898140		3501
1038		3674		4902859		3524
1039		3679		4907577		3495
1040		3664		4912296		3490
1041		3632		4917016		3521
1042		3646		4921735		3495
1043		3591		4926452		3486
1044		3577		4931170		3482
1045		3617		4935889		3473
1046		3619		4940609		3487
1047		3704		4945329		3492
1048		3706		4950049		3511
1049		3683		4954767		3501
1050		3598		4959486		3502
1051		3640		4964206		3483
1052		3650		4968924		3522
1053		3666		4973644		3540
1054		3619		4978362		3521
1055		3643		4983079		3498
1056		3586		4987797		3514
1057		3625		4992517		3498
1058		3647		4997237		3491
1059		3666		5001954		3510
1060		3627		5006674		3511
1061		3653		5011394		3501
1062		3676		5016112		3517
1063		3681		5020832		3497
1064		3627		5025549		3492
1065		3628		5030267		3518
1066		3579		5034986		3499
1067		3610		5039704		3500
1068		3630		5044424		3504
1069		3618		5049144		3488
1070		3611		5053864		3524
1071		3624		5058582		3514
1072		3589		5063301		3525
1073		3601		5068018		3532
1074		3599		5072738		3523
1075		3542		5077458		3547
1076		3544		5082178		3503
1077		3511		5086895		3527
1078		3457		5091614		3528
1079		3489		5096334		3531
1080		3548		5101053		3547
1081		3526		5105772		3528
1082		3583		5110492		3511
1083		3626		5115211		3528
1084		3690		5119929		3552
1085		3662		5124648		3542
1086		3665		5129366		3506
1087		3658		5134085		3545
1088		3672		5138804		3559
1089		3654		5143524		3544
1090		3710		5148244		3519
1091		3701		5152963		3507
1092		3681		5157683		3521
1093		3717		5162400		3514
1094		3693		5167119		3515
1095		3678		5171838		3532
1096		3700		5176558		3526
1097		3679		5181278		3493
1098		3678		5185994		3511
1099		3670		5190714		3502
1100		3627		5195432		3514
1101		3655		5200151		3502
1102		3660		5204870		3507
1103		3646		5209590		3498
1104		3656		5214310		3493
1105		3690		5219030		3507
1106		3705		5223749		3505
1107		3694		5228469		3492
1108		3677		5233189		3490
1109		3713		5237908		3489
1110		3690		5242628		3485
1111		3661		5247348		3501
1112		3639		5252068		3506
1113		3605		5256785		3518
1114		3574		5261505		3515
1115		3553		5266223		3515
1116		3565		5270942		3503
1117		3633		5275661		3516
1118		3634		5280379		3497
1119		3653		5285099		3522
1120		3596		5289818		3522
1121		3608		5294536		3480
1122		3603		5299254		3492
1123		3611		5303973		3457
1124		3618		5308693		3496
1125		3602		5313412		3530
1126		3683		5318132		3512
1127		3568		5322851		3504
1128		3556		5327570		3505
1129		3588		5332289		3455
1130		3669		5337008		3511
1131		3657		5341727		3483
1132		3625		5346444		3503
1133		3574		5351163		3528
1134		3589		5355882		3510
1135		3605		5360602		3510
1136		3602		5365321		3519
1137		3601		5370041		3489
1138		3600		5374761		3522
1139		3606		5379479		3522
1140		3615		5384197		3506
1141		3639		5388917		3510
1142		3647		5393636		3501
1143		3661		5398355		3518
1144		3749		5403074		3496
1145		3675		5407793		3491
1146		3674		5412512		3518
1147		3704		5417228		3503
1148		3676		5421948		3481
1149		3654		5426668		3484
1150		3633		5431387		3469
1151		3640		5436105		3503
1152		3680		5440824		3476
1153		3668		5445543		3517
1154		3667		5450262		3497
1155		3641		5454982		3454
1156		3642		5459700		3503
1157		3707		5464420		3490
1158		3705		5469140		3481
1159		3727		5473859		3476
1160		3734		5478579		3503
1161		3723		5483299		3523
1162		3730		5488019		3491
1163		3744		5492738		3506
1164		3771		5497457		3504
1165		3744		5502177		3518
1166		3695		5506897		3525
1167		3716		5511616		3513
1168		3760		5516335		3474
1169		3736		5521055		3491
1170		3765		5525773		3499
1171		3753		5530491		3485
1172		3750		5535211		3486
1173		3735		5539931		3480
1174		3715		5544650		3508
1175		3695		5549370		3503
1176		3703		5554089		3469
1177		3716		5558809		3499
1178		3704		5563526		3525
1179		3712		5568244		3518
1180		3739		5572964		3524
1181		3689		5577681		3550
1182		3723		5582400		3539
1183		3705		5587118		3536
1184		3690		5591837		3532
1185		3715		5596557		3538
1186		3710		5601276		3520
1187		3676		5605995		3506
1188		3695		5610714		3500
1189		3663		5615433		3539
1190		3733		5620151		3504
1191		3773		5624871		3538
1192		3716		5629591		3513
1193		3674		5634309		3531
1194		3714		5639026		3521
1195		3711		5643742		3492
1196		3696		5648461		3522
1197		3674		5653177		3490
1198		3681		5657895		3486
1199		3672		5662614		3486
1200		3710		5667333		3512
1201		3654		5672051		3518
1202		3667		5676770		3526
1203		3624		5681489		3519
1204		3629		5686209		3538
1205		3644		5690928		3531
1206		3664		5695647		3542
1207		3555		5700365		3539
1208		3558		5705084		3499
1209		3558		5709802		3511
1210		3535		5714521		3511
1211		3533		5719239		3498
1212		3503		5723958		3518
1213		3508		5728677		3491
1214		3482		5733396		3516
1215		3479		5738113		3512
1216		3551		5742833		3502
1217		3516		5747550		3499
1218		3499		5752268		3514
1219		3496		5756987		3508
1220		3547		5761705		3487
1221		3582		5766424		3508
1222		3571		5771142		3488
1223		3509		5775862		3503
1224		3534		5780580		3523
1225		3587		5785300		3499
1226		3629		5790017		3518
1227		3566		5794736		3502
1228		3508		5799455		3497
1229		3533		5804172		3514
1230		3501		5808889		3497
1231		3484		5813609		3494
1232		3486		5818329		3520
1233		3475		5823048		3536
1234		3466		5827766		3508
1235		3479		5832485		3497
1236		3484		5837204		3475
1237		3509		5841922		3489
1238		3536		5846641		3483
1239		3567		5851361		3498
1240		3594		5856079		3494
1241		3604		5860798		3481
1242		3567		5865517		3529
1243		3547		5870237		3503
1244		3506		5874957		3484
1245		3525		5879677		3500
1246		3519		5884396		3495
1247		3494		5889116		3498
1248		3544		5893835		3479
1249		3534		5898554		3498
1250		3562		5903272		3497
1251		3546		5907989		3499
1252		3563		5912707		3482
1253		3568		5917424		3503
1254		3542		5922144		3481
1255		3584		5926862		3521
1256		3522		5931582		3510
1257		3483		5936301		3506
1258		3465		5941018		3489
1259		3487		5945737		3464
1260		3485		5950454		3489
1261		3429		5955173		3488
1262		3422		5959891		3476
1263		3482		5964611		3501
1264		3440		5969331		3493
1265		3456		5974049		3512
1266		3465		5978767		3479
1267		3478		5983485		3469
1268		3491		5988205		3509
1269		3489		5992923		3524
1270		3500		5997642		3475
1271		3450		6002361		3493
1272		3414		6007078		3504
1273		3422		6011798		3476
1274		3395		6016515		3498
1275		3444		6021233		3523
1276		3414		6025951		3505
1277		3471		6030670		3525
1278		3405		6035387		3519
1279		3427		6040107		3535
1280		3436		6044826		3513
1281		3449		6049545		3514
1282		3439		6054265		3519
1283		3502		6058982		3525
1284		3413		6063701		3500
1285		3447		6068419		3514
1286		3411		6073138		3538
1287		3453		6077857		3497
1288		3448		6082576		3509
1289		3475		6087295		3517
1290		3431		6092014		3514
1291		3366		6096732		3487
1292		3368		6101452		3482
1293		3374		6106171		3511
1294		3388		6110891		3515
1295		3394		6115611		3485
1296		3365		6120330		3481
1297		3358		6125049		3479
1298		3388		6129767		3473
1299		3365		6134487		3507
1300		3359		6139206		3520
1301		3405		6143923		3500
1302		3427		6148642		3501
1303		3407		6153361		3456
1304		3437		6158081		3484
1305		3379		6162801		3511
1306		3441		6167520		3472
1307		3406		6172240		3487
1308		3411		6176959		3523
1309		3398		6181679		3511
1310		3387		6186399		3525
1311		3437		6191119		3516
1312		3450		6195839		3494
1313		3442		6200559		3504
1314		3444		6205278		3504
1315		3395		6209997		3518
1316		3402		6214716		3474
1317		3413		6219436		3461
1318		3418		6224155		3506
1319		3408		6228873		3492
1320		3407		6233592		3493
1321		3376		6238309		3514
1322		3313		6243028		3492
1323		3337		6247748		3507
1324		3319		6252468		3518
1325		3299		6257188		3523
1326		3273		6261908		3532
1327		3232		6266628		3515
1328		3234		6271346		3519
1329		3213		6276064		3516
1330		3255		6280784		3490
1331		3284		6285503		3508
1332		3301		6290223		3475
1333		3261		6294942		3501
1334		3248		6299660		3473
1335		3249		6304380		3502
1336		3238		6309098		3519
1337		3242		6313817		3481
1338		3296		6318534		3528
1339		3246		6323253		3489
1340		3235		6327972		3503
1341		3231		6332691		3486
1342		3251		6337409		3446
1343		3220		6342129		3478
1344		3218		6346848		3512
1345		3237		6351565		3496
1346		3218		6356284		3528
1347		3182		6361004		3527
1348		3192		6365723		3498
1349		3229		6370441		3530
1350		3223		6375159		3494
1351		3234		6379876		3496
1352		3195		6384592		3508
1353		3189		6389311		3498
1354		3201		6394030		3480
1355		3230		6398750		3494
1356		3225		6403469		3522
1357		3244		6408188		3524
1358		3254		6412908		3493
1359		3254		6417627		3504
1360		3197		6422345		3504
1361		3145		6427065		3508
1362		3222		6431784		3481
1363		3199		6436504		3531
1364		3192		6441224		3504
1365		3195		6445944		3520
1366		3201		6450662		3508
1367		3213		6455378		3512
1368		3220		6460097		3496
1369		3212		6464815		3529
1370		3192		6469534		3503
1371		3172		6474252		3507
1372		3155		6478970		3516
1373		3143		6483688		3500
1374		3157		6488407		3512
1375		3141		6493125		3511
1376		3142		6497844		3504
1377		3176		6502562		3503
1378		3196		6507280		3509
1379		3173		6511998		3530
1380		3206		6516716		3525
1381		3194		6521434		3504
1382		3230		6526154		3483
1383		3244		6530872		3505
1384		3253		6535592		3509
1385		3169		6540311		3503
1386		3231		6545029		3497
1387		3271		6549748		3479
1388		3298		6554468		3487
1389		3276		6559184		3485
1390		3265		6563903		3507
1391		3223		6568622		3491
1392		3214		6573341		3470
1393		3205		6578059		3479
1394		3182		6582778		3445
1395		3191		6587497		3452
1396		3200		6592217		3484
1397		3189		6596937		3508
1398		3146		6601657		3462
1399		3151		6606377		3487
1400		3179		6611096		3468
1401		3189		6615815		3497
1402		3171		6620534		3508
1403		3195		6625252		3487
1404		3191		6629972		3446
1405		3210		6634692		3514
1406		3153		6639411		3491
1407		3103		6644129		3502
1408		3113		6648847		3496
1409		3116		6653566		3498
1410		3149		6658285		3463
1411		3152		6663003		3477
1412		3099		6667721		3470
1413		3160		6672441		3482
1414		3127		6677160		3508
1415		3155		6681880		3487
1416		3159		6686600		3490
1417		3182		6691319		3473
1418		3136		6696037		3496
1419		3187		6700757		3491
1420		3244		6705476		3496
1421		3301		6710196		3489
1422		3305		6714914		3483
1423		3285		6719631		3502
1424		3344		6724351		3487
1425		3292		6729071		3473
1426		3310		6733790		3487
1427		3309		6738509		3503
1428		3298		6743227		3479
1429		3309		6747947		3501
1430		3293		6752666		3488
1431		3227		6757386		3510
1432		3237		6762106		3490
1433		3202		6766825		3488
1434		3222		6771544		3514
1435		3208		6776264		3493
1436		3241		6780980		3466
1437		3276		6785699		3493
1438		3202		6790418		3521
1439		3204		6795138		3515
1440		3134		6799857		3485
1441		3170		6804574		3544
1442		3187		6809294		3493
1443		3184		6814013		3510
1444		3206		6818733		3479
1445		3252		6823452		3492
1446		3279		6828171		3496
1447		3313		6832887		3500
1448		3322		6837606		3490
1449		3280		6842326		3515
1450		3243		6847045		3488
1451		3244		6851765		3484
1452		3177		6856483		3468
1453		3186		6861202		3466
1454		3230		6865920		3499
1455		3227		6870639		3491
1456		3270		6875358		3494
1457		3212		6880077		3505
1458		3191		6884797		3485
1459		3248		6889515		3505
1460		3184		6894235		3522
1461		3133		6898953		3474
1462		3119		6903672		3508
1463		3140		6908392		3484
1464		3187		6913110		3497
1465		3202		6917830		3497
1466		3164		6922549		3488
1467		3125		6927269		3486
1468		3092		6931986		3508
1469		3111		6936706		3482
1470		3088		6941426		3498
1471		3069		6946146		3499
1472		3099		6950865		3478
1473		3069		6955583		3489
1474		3053		6960303		3474
1475		3035		6965021		3485
1476		3067		6969740		3487
1477		3067		6974456		3521
1478		3072		6979175		3512
1479		3039		6983895		3507
1480		3067		6988612		3505
1481		3073		6993331		3501
1482		3086		6998050		3499
1483		3028		7002770		3495
1484		3089		7007488		3493
1485		2999		7012207		3514
1486		3018		7016925		3484
1487		3027		7021643		3493
1488		2974		7026362		3501
1489		3013		7031082		3453
1490		2995		7035800		3480
1491		2998		7040518		3476
1492		2993		7045237		3473
1493		2961		7049957		3485
1494		2955		7054674		3465
1495		2970		7059393		3495
1496		2976		7064112		3470
1497		2982		7068830		3478
1498		2989		7073550		3472
1499		3047		7078270		3489
1500		3049		7082990		3491
1501		3036		7087708		3471
1502		3052		7092427		3477
1503		3043		7097147		3498
1504		3064		7101866		3489
1505		3046		7106586		3486
1506		3053		7111305		3488
1507		3030		7116025		3503
1508		3035		7120745		3514
1509		3022		7125465		3505
1510		3019		7130185		3511
1511		3021		7134902		3494
1512		3018		7139622		3479
1513		3009		7144340		3503
1514		3040		7149059		3515
1515		3047		7153779		3519
1516		3057		7158498		3474
1517		3054		7163217		3481
1518		2993		7167937		3502
1519		2995		7172655		3507
1520		3037		7177372		3489
1521		3007		7182091		3496
1522		2978		7186811		3481
1523		2983		7191526		3507
1524		2997		7196244		3505
1525		3029		7200963		3490
1526		3039		7205681		3489
1527		2983		7210399		3496
1528		2961		7215119		3533
1529		2953		7219838		3498
1530		2993		7224556		3482
1531		2967		7229276		3490
1532		2955		7233996		3499
1533		2992		7238714		3512
1534		2955		7243430		3506
1535		2970		7248148		3501
1536		3016		7252868		3504
1537		3017		7257588		3526
1538		2983		7262307		3547
1539		3056		7267026		3520
1540		3018		7271744		3500
1541		3021		7276463		3529
1542		2996		7281183		3521
1543		3021		7285902		3502
1544		3042		7290622		3514
1545		3065		7295342		3506
1546		3047		7300061		3517
1547		3023		7304780		3519
1548		3031		7309500		3522
1549		2961		7314217		3493
1550		3019		7318937		3500
1551		2988		7323654		3508
1552		3013		7328373		3528
1553		3000		7333093		3476
1554		2952		7337813		3498
1555		2917		7342533		3520
1556		2902		7347252		3481
1557		2904		7351970		3502
1558		2924		7356690		3472
1559		2924		7361409		3486
1560		2869		7366128		3494
1561		2827		7370848		3506
1562		2864		7375567		3477
1563		2852		7380286		3499
1564		2826		7385005		3503
1565		2876		7389725		3486
1566		2887		7394445		3484
1567		2894		7399163		3531
1568		2842		7403883		3494
1569		2878		7408603		3499
1570		2899		7413323		3482
1571		2867		7418042		3496
1572		2891		7422761		3516
1573		2924		7427481		3513
1574		2923		7432199		3485
1575		2863		7436918		3496
1576		2845		7441638		3502
1577		2793		7446356		3499
1578		2747		7451075		3511
1579		2768		7455794		3472
1580		2822		7460514		3514
1581		2752		7465234		3513
1582		2770		7469952		3497
1583		2776		7474669		3481
1584		2824		7479389		3462
1585		2787		7484107		3483
1586		2759		7488825		3534
1587		2823		7493545		3497
1588		2818		7498265		3467
1589		2863		7502984		3511
1590		2829		7507702		3478
1591		2819		7512420		3490
1592		2815		7517140		3500
1593		2826		7521859		3464
1594		2733		7526578		3486
1595		2744		7531297		3499
1596		2715		7536017		3491
1597		2760		7540737		3490
1598		2705		7545457		3506
1599		2679		7550177		3503
1600		2702		7554896		3501
1601		2724		7559613		3504
1602		2714		7564331		3528
1603		2726		7569049		3499
1604		2738		7573768		3481
1605		2716		7578487		3504
1606		2725		7583205		3521
1607		2692		7587924		3508
1608		2712		7592643		3471
1609		2705		7597361		3480
1610		2715		7602080		3494
1611		2722		7606799		3520
1612		2735		7611518		3499
1613		2802		7616237		3502
1614		2804		7620955		3516
1615		2808		7625674		3497
1616		2821		7630392		3479
1617		2809		7635112		3510
1618		2823		7639831		3475
1619		2800		7644551		3461
1620		2881		7649271		3493
1621		2903		7653991		3466
1622		2888		7658710		3502
1623		2923		7663430		3525
1624		2903		7668148		3496
1625		2894		7672867		3504
1626		2886		7677586		3504
1627		2908		7682306		3505
1628		2917		7687025		3474
1629		2940		7691743		3493
1630		2901		7696463		3490
1631		2903		7701183		3497
1632		2916		7705900		3489
1633		2944		7710620		3494
1634		2945		7715339		3515
1635		3006		7720059		3513
1636		3035		7724778		3521
1637		3042		7729495		3492
1638		3011		7734210		3497
1639		2946		7738928		3478
1640		2876		7743648		3517
1641		2909		7748368		3520
1642		2919		7753087		3507
1643		2922		7757807		3504
1644		2949		7762526		3503
1645		2948		7767245		3486
1646		2941		7771964		3487
1647		2947		7776683		3487
1648		3023		7781402		3507
1649		2997		7786119		3491
1650		3036		7790839		3509
1651		3032		7795558		3521
1652		2989		7800277		3494
1653		3003		7804997		3501
1654		2998		7809716		3511
1655		3009		7814436		3529
1656		3030		7819155		3504
1657		3076		7823875		3465
1658		3126		7828592		3503
1659		3024		7833312		3517
1660		3038		7838029		3515
1661		3029		7842747		3510
1662		3020		7847467		3502
1663		3001		7852187		3511
1664		2978		7856906		3499
1665		2963		7861626		3509
1666		2991		7866344		3531
1667		2978		7871064		3528
1668		2974		7875783		3532
1669		2978		7880503		3501
1670		2963		7885222		3529
1671		2964		7889942		3511
1672		2991		7894662		3505
1673		2997		7899382		3513
1674		2977		7904102		3523
1675		2985		7908821		3508
1676		2912		7913540		3511
1677		2863		7918257		3491
1678		2883		7922977		3513
1679		2903		7927695		3518
1680		2937		7932412		3481
1681		2931		7937130		3483
1682		2948		7941849		3523
1683		2982		7946568		3506
1684		2966		7951287		3494
1685		2940		7956006		3495
1686		2936		7960726		3506
1687		2970		7965444		3511
1688		2953		7970163		3511
1689		2986		7974881		3511
1690		2947		7979601		3479
1691		2935		7984321		3500
1692		2907		7989040		3510
1693		2949		7993760		3527
1694		2966		7998479		3526
1695		2984		8003198		3531
1696		2936		8007917		3510
1697		2938		8012635		3540
1698		2904		8017355		3515
1699		2907		8022073		3524
1700		2910		8026791		3524
1701		2918		8031510		3485
1702		2927		8036229		3506
1703		2920		8040949		3486
1704		2918		8045667		3481
1705		2926		8050386		3513
1706		2935		8055103		3489
1707		2911		8059823		3496
1708		2963		8064542		3504
1709		2910		8069261		3495
1710		2909		8073980		3526
1711		2921		8078698		3520
1712		2923		8083417		3484
1713		2900		8088134		3502
1714		2910		8092853		3533
1715		2904		8097571		3499
1716		2860		8102290		3498
1717		2912		8107008		3511
1718		2870		8111726		3506
1719		2863		8116445		3526
1720		2890		8121163		3528
1721		2912		8125882		3533
1722		2889		8130601		3514
1723		2933		8135320		3506
1724		2942		8140040		3485
1725		2859		8144758		3505
1726		2853		8149476		3491
1727		2855		8154196		3516
1728		2903		8158916		3507
1729		2932		8163636		3500
1730		2931		8168356		3502
1731		2889		8173074		3516
1732		2898		8177793		3503
1733		2903		8182513		3514
1734		2916		8187231		3511
1735		2893		8191951		3488
1736		2895		8196670		3515
1737		2874		8201390		3521
1738		2881		8206110		3502
1739		2852		8210828		3506
1740		2810		8215547		3512
1741		2799		8220267		3527
1742		2835		8224985		3534
1743		2826		8229704		3522
1744		2817		8234424		3503
1745		2783		8239143		3519
1746		2753		8243863		3495
1747		2746		8248581		3496
1748		2736		8253300		3528
1749		2711		8258019		3539
1750		2761		8262739		3513
1751		2739		8267458		3523
1752		2751		8272176		3511
1753		2714		8276895		3530
1754		2696		8281614		3534
1755		2718		8286332		3538
1756		2710		8291052		3534
1757		2750		8295770		3511
1758		2801		8300489		3499
1759		2783		8305209		3505
1760		2786		8309929		3521
1761		2806		8314649		3500
1762		2796		8319368		3514
1763		2845		8324087		3513
1764		2832		8328807		3516
1765		2806		8333526		3475
1766		2773		8338245		3494
1767		2794		8342964		3492
1768		2808		8347684		3494
1769		2811		8352404		3512
1770		2769		8357124		3505
1771		2820		8361843		3499
1772		2813		8366563		3507
1773		2829		8371282		3480
1774		2827		8376002		3472
1775		2850		8380721		3488
1776		2840		8385439		3507
1777		2813		8390159		3505
1778		2812		8394878		3537
1779		2819		8399598		3522
1780		2838		8404318		3489
1781		2854		8409038		3500
1782		2875		8413758		3472
1783		2903		8418477		3497
1784		2918		8423195		3494
1785		2894		8427915		3499
1786		2838		8432634		3510
1787		2845		8437354		3504
1788		2850		8442074		3483
1789		2804		8446793		3501
1790		2780		8451513		3497
1791		2797		8456232		3509
1792		2777		8460950		3480
1793		2786		8465666		3476
1794		2789		8470384		3501
1795		2798		8475101		3485
1796		2812		8479819		3527
1797		2765		8484537		3481
1798		2731		8489257		3499
1799		2728		8493976		3492
1800		2772		8498696		3461
1801		2799		8503416		3495
1802		2821		8508136		3503
1803		2766		8512855		3488
1804		2762		8517574		3502
1805		2787		8522293		3527
1806		2781		8527012		3486
1807		2752		8531731		3518
1808		2755		8536451		3508
1809		2742		8541170		3502
1810		2672		8545890		3498
1811		2721		8550609		3480
1812		2685		8555328		3468
1813		2690		8560045		3502
1814		2683		8564765		3480
1815		2670		8569485		3497
1816		2668		8574205		3492
1817		2706		8578924		3480
1818		2703		8583642		3501
1819		2696		8588361		3493
1820		2683		8593080		3507
1821		2709		8597800		3491
1822		2725		8602519		3520
1823		2739		8607237		3503
1824		2771		8611957		3507
1825		2715		8616676		3512
1826		2660		8621395		3550
1827		2669		8626114		3512
1828		2663		8630834		3499
1829		2638		8635554		3526
1830		2642		8640274		3516
1831		2590		8644994		3515
1832		2603		8649713		3495
1833		2591		8654432		3490
1834		2605		8659150		3504
1835		2616		8663869		3504
1836		2583		8668588		3501
1837		2588		8673307		3509
1838		2616		8678025		3508
1839		2645		8682744		3474
1840		2644		8687463		3505
1841		2637		8692179		3493
1842		2574		8696897		3502
1843		2661		8701617		3506
1844		2657		8706335		3514
1845		2663		8711054		3500
1846		2655		8715773		3514
1847		2694		8720492		3527
1848		2694		8725212		3508
1849		2652		8729932		3523
1850		2625		8734650		3515
1851		2630		8739368		3511
1852		2637		8744087		3513
1853		2687		8748807		3519
1854		2678		8753526		3516
1855		2691		8758245		3502
1856		2686		8762964		3536
1857		2636		8767683		3529
1858		2634		8772403		3513
1859		2671		8777121		3501
1860		2692		8781840		3532
1861		2679		8786558		3516
1862		2655		8791277		3488
1863		2678		8795997		3508
1864		2663		8800716		3513
1865		2653		8805434		3529
1866		2682		8810153		3528
1867		2669		8814869		3485
1868		2635		8819588		3507
1869		2665		8824308		3493
1870		2651		8829027		3521
1871		2674		8833747		3508
1872		2634		8838464		3481
1873		2664		8843182		3520
1874		2700		8847901		3506
1875		2695		8852620		3480
1876		2665		8857339		3495
1877		2670		8862059		3492
1878		2657		8866778		3503
1879		2625		8871496		3511
1880		2704		8876216		3502
1881		2727		8880935		3512
1882		2678		8885654		3521
1883		2678		8890373		3508
1884		2634		8895093		3511
1885		2626		8899812		3475
1886		2685		8904530		3510
1887		2673		8909249		3493
1888		2631		8913969		3484
1889		2648		8918688		3480
1890		2668		8923407		3505
1891		2641		8928126		3508
1892		2672		8932846		3487
1893		2684		8937565		3499
1894		2671		8942285		3511
1895		2652		8947003		3500
1896		2632		8951722		3505
1897		2604		8956440		3518
1898		2631		8961157		3506
1899		2634		8965876		3512
1900		2612		8970596		3495
1901		2585		8975316		3516
1902		2567		8980035		3516
1903		2582		8984755		3521
1904		2559		8989475		3509
1905		2559		8994194		3512
1906		2589		8998913		3511
1907		2594		9003632		3510
1908		2630		9008350		3531
1909		2601		9013068		3523
1910		2571		9017788		3507
1911		2552		9022506		3516
1912		2571		9027226		3515
1913		2538		9031945		3505
1914		2569		9036664		3497
1915		2582		9041384		3511
1916		2636		9046104		3490
1917		2613		9050822		3529
1918		2675		9055542		3514
1919		2635		9060261		3521
1920		2608		9064981		3521
1921		2592		9069701		3492
1922		2629		9074419		3505
1923		2646		9079139		3481
1924		2628		9083858		3489
1925		2648		9088577		3519
1926		2632		9093294		3504
1927		2667		9098013		3502
1928		2687		9102733		3497
1929		2691		9107450		3484
1930		2674		9112169		3518
1931		2609		9116886		3476
1932		2582		9121605		3487
1933		2587		9126324		3473
1934		2584		9131043		3529
1935		2577		9135758		3505
1936		2561		9140477		3495
1937		2566		9145197		3500
1938		2519		9149917		3515
1939		2565		9154634		3491
1940		2587		9159352		3496
1941		2577		9164070		3518
1942		2560		9168790		3530
1943		2556		9173509		3477
1944		2588		9178229		3499
1945		2515		9182949		3480
1946		2565		9187669		3481
1947		2542		9192389		3483
1948		2506		9197108		3492
1949		2530		9201826		3503
1950		2531		9206546		3516
1951		2511		9211263		3507
1952		2483		9215982		3505
1953		2486		9220700		3478
1954		2505		9225420		3499
1955		2546		9230140		3497
1956		2579		9234859		3501
1957		2594		9239578		3498
1958		2590		9244298		3518
1959		2599		9249017		3513
1960		2611		9253736		3508
1961		2560		9258455		3502
1962		2580		9263174		3497
1963		2599		9267894		3512
1964		2607		9272613		3523
1965		2626		9277331		3491
1966		2591		9282050		3524
1967		2601		9286768		3539
1968		2619		9291488		3523
1969		2582		9296208		3511
1970		2586		9300927		3515
1971		2586		9305647		3501
1972		2519		9310366		3532
1973		2529		9315086		3511
1974		2580		9319805		3512
1975		2575		9324525		3531
1976		2573		9329244		3497
1977		2567		9333964		3536
1978		2581		9338684		3526
1979		2592		9343402		3502
1980		2532		9348122		3513
1981		2522		9352842		3524
1982		2520		9357561		3511
1983		2534		9362278		3514
1984		2541		9366997		3502
1985		2578		9371717		3508
1986		2561		9376436		3512
1987		2597		9381155		3496
1988		2657		9385875		3499
1989		2649		9390594		3516
1990		2658		9395313		3530
1991		2666		9400030		3530
1992		2662		9404748		3524
1993		2646		9409465		3543
1994		2662		9414183		3520
1995		2676		9418903		3509
1996		2678		9423622		3499
1997		2662		9428342		3509
1998		2668		9433061		3520
1999		2674		9437780		3516
2000		2684		9442500		3510
2001		2715		9447219		3520
2002		2692		9451939		3543
2003		2652		9456658		3529
2004		2626		9461378		3505
2005		2646		9466098		3529
2006		2598		9470817		3496
2007		2568		9475536		3496
2008		2531		9480256		3496
2009		2518		9484975		3499
2010		2573		9489695		3510
2011		2642		9494414		3520
2012		2602		9499133		3521
2013		2607		9503851		3495
2014		2577		9508570		3520
2015		2577		9513288		3514
2016		2566		9518008		3518
2017		2559		9522727		3491
2018		2612		9527446		3503
2019		2592		9532166		3510
2020		2598		9536886		3504
2021		2570		9541605		3504
2022		2601		9546325		3552
2023		2624		9551045		3498
2024		2621		9555764		3535
2025		2646		9560484		3521
2026		2648		9565203		3523
2027		2626		9569921		3532
2028		2661		9574641		3520
2029		2640		9579360		3522
2030		2654		9584079		3526
2031		2680		9588797		3514
2032		2673		9593516		3529
2033		2704		9598234		3528
2034		2682		9602954		3518
2035		2689		9607673		3524
2036		2685		9612392		3514
2037		2685		9617110		3538
2038		2675		9621830		3515
2039		2676		9626550		3486
2040		2722		9631270		3495
2041		2752		9635989		3511
2042		2672		9640709		3505
2043		2685		9645429		3541
2044		2654		9650148		3543
2045		2623		9654867		3507
2046		2645		9659587		3523
2047		2685		9664307		3517
2048		2696		9669026		3517
2049		2701		9673743		3529
2050		2691		9678461		3520
2051		2712		9683181		3509
2052		2716		9687900		3506
2053		2702		9692619		3500
2054		2708		9697337		3515
2055		2676		9702056		3488
2056		2616		9706774		3508
2057		2656		9711492		3494
2058		2661		9716211		3493
2059		2644		9720931		3496
2060		2693		9725650		3513
2061		2664		9730369		3490
2062		2616		9735089		3497
2063		2646		9739805		3487
2064		2669		9744525		3507
2065		2656		9749244		3518
2066		2665		9753963		3510
2067		2689		9758683		3543
2068		2710		9763402		3513
2069		2701		9768121		3488
2070		2695		9772840		3516
2071		2677		9777559		3511
2072		2639		9782278		3518
2073		2615		9786995		3512
2074		2601		9791715		3488
2075		2612		9796431		3527
2076		2628		9801151		3525
2077		2628		9805870		3523
2078		2631		9810590		3527
2079		2588		9815308		3525
2080		2639		9820026		3543
2081		2628		9824746		3488
2082		2679		9829465		3488
2083		2665		9834185		3494
2084		2667		9838904		3489
2085		2656		9843624		3520
2086		2706		9848344		3523
2087		2701		9853062		3528
2088		2710		9857780		3509
2089		2710		9862499		3508
2090		2650		9867218		3548
2091		2651		9871937		3538
2092		2668		9876657		3530
2093		2692		9881376		3497
2094		2662		9886095		3498
2095		2672		9890814		3534
2096		2629		9895534		3496
2097		2636		9900253		3526
2098		2585		9904972		3502
2099		2603		9909691		3532
2100		2587		9914408		3503
2101		2567		9919128		3507
2102		2622		9923848		3517
2103		2674		9928568		3518
2104		2670		9933287		3515
2105		2686		9938004		3497
2106		2678		9942722		3507
2107		2702		9947441		3513
2108		2709		9952160		3492
2109		2662		9956880		3511
2110		2672		9961600		3504
2111		2671		9966320		3494
2112		2619		9971040		3483
2113		2625		9975760		3496
2114		2587		9980480		3513
2115		2611		9985197		3505
2116		2616		9989915		3500
2117		2639		9994634		3525
2118		2625		9999353		3506
2119		2627		10004073		3496
2120		2612		10008793		3514
2121		2647		10013513		3516
2122		2601		10018233		3522
2123		2615		10022952		3500
2124		2603		10027671		3498
2125		2585		10032390		3515
2126		2555		10037109		3498
2127		2585		10041829		3507
2128		2582		10046547		3493
2129		2601		10051267		3499
2130		2651		10055986		3492
2131		2637		10060702		3523
2132		2691		10065421		3541
2133		2707		10070139		3549
2134		2726		10074856		3537
2135		2715		10079575		3534
2136		2698		10084295		3543
2137		2679		10089014		3496
2138		2657		10093734		3518
2139		2664		10098451		3530
2140		2678		10103170		3534
2141		2669		10107890		3518
2142		2645		10112609		3524
2143		2638		10117328		3497
2144		2639		10122048		3509
2145		2638		10126767		3514
2146		2600		10131485		3497
2147		2639		10136203		3511
2148		2645		10140922		3499
2149		2650		10145642		3520
2150		2636		10150362		3533
2151		2652		10155082		3529
2152		2653		10159801		3513
2153		2630		10164519		3541
2154		2619		10169239		3532
2155		2664		10173958		3546
2156		2649		10178678		3533
2157		2682		10183396		3541
2158		2687		10188116		3502
2159		2714		10192834		3503
2160		2758		10197553		3533
2161		2749		10202271		3547
2162		2726		10206989		3496
2163		2686		10211707		3548
2164		2686		10216427		3528
2165		2719		10221145		3522
2166		2695		10225864		3503
2167		2646		10230584		3518
2168		2644		10235304		3505
2169		2650		10240024		3529
2170		2648		10244743		3501
2171		2652		10249461		3494
2172		2666		10254181		3534
2173		2643		10258901		3527
2174		2629		10263621		3516
2175		2620		10268340		3527
2176		2578		10273059		3495
2177		2594		10277778		3516
2178		2590		10282498		3537
2179		2622		10287216		3519
2180		2625		10291935		3520
2181		2630		10296655		3499
2182		2682		10301374		3521
2183		2602		10306091		3516
2184		2622		10310809		3535
2185		2631		10315529		3527
2186		2629		10320247		3532
2187		2632		10324967		3487
2188		2548		10329687		3509
2189		2595		10334407		3533
2190		2604		10339124		3538
2191		2590		10343842		3514
2192		2602		10348561		3545
2193		2637		10353279		3503
2194		2662		10357999		3526
2195		2634		10362717		3533
2196		2636		10367436		3533
2197		2666		10372156		3533
2198		2679		10376874		3511
2199		2706		10381593		3487
2200		2700		10386312		3519
2201		2645		10391030		3535
2202		2646		10395750		3517
2203		2661		10400470		3516
2204		2720		10405190		3509
2205		2742		10409909		3527
2206		2772		10414628		3519
2207		2781		10419347		3518
2208		2770		10424067		3507
2209		2834		10428787		3513
2210		2762		10433507		3525
2211		2759		10438225		3566
2212		2793		10442945		3538
2213		2773		10447665		3508
2214		2802		10452383		3531
2215		2805		10457103		3519
2216		2792		10461822		3530
2217		2780		10466541		3521
2218		2763		10471260		3520
2219		2758		10475979		3538
2220		2793		10480698		3527
2221		2769		10485417		3531
2222		2825		10490137		3513
2223		2824		10494856		3531
2224		2802		10499575		3514
2225		2781		10504295		3518
2226		2693		10509015		3532
2227		2703		10513734		3521
2228		2682		10518453		3532
2229		2722		10523173		3533
2230		2680		10527892		3507
2231		2675		10532611		3507
2232		2689		10537330		3541
2233		2686		10542048		3537
2234		2707		10546765		3508
2235		2651		10551484		3532
2236		2671		10556203		3533
2237		2655		10560922		3523
2238		2696		10565642		3506
2239		2655		10570359		3515
2240		2664		10575079		3547
2241		2652		10579799		3521
2242		2686		10584519		3522
2243		2674		10589239		3512
2244		2670		10593959		3503
2245		2705		10598678		3516
2246		2692		10603398		3527
2247		2736		10608115		3527
2248		2719		10612834		3520
2249		2751		10617554		3509
2250		2746		10622272		3521
2251		2731		10626991		3510
2252		2755		10631710		3548
2253		2720		10636427		3547
2254		2747		10641143		3535
2255		2733		10645863		3540
2256		2710		10650582		3521
2257		2724		10655302		3545
2258		2718		10660022		3516
2259		2730		10664738		3539
2260		2735		10669458		3521
2261		2705		10674174		3513
2262		2749		10678893		3517
2263		2702		10683612		3507
2264		2728		10688329		3508
2265		2713		10693048		3544
2266		2727		10697767		3531
2267		2686		10702485		3539
2268		2714		10707205		3531
2269		2674		10711925		3524
2270		2683		10716643		3505
2271		2693		10721362		3530
2272		2723		10726080		3519
2273		2706		10730798		3514
2274		2682		10735518		3512
2275		2703		10740238		3526
2276		2741		10744958		3526
2277		2738		10749678		3546
2278		2727		10754397		3514
2279		2781		10759117		3524
2280		2744		10763836		3545
2281		2742		10768555		3547
2282		2716		10773275		3528
2283		2701		10777995		3511
2284		2657		10782714		3539
2285		2620		10787432		3528
2286		2654		10792152		3531
2287		2621		10796869		3517
2288		2626		10801589		3513
2289		2653		10806309		3526
2290		2633		10811028		3519
2291		2590		10815746		3491
2292		2638		10820466		3513
2293		2652		10825184		3531
2294		2641		10829904		3518
2295		2660		10834624		3493
2296		2659		10839344		3530
2297		2689		10844064		3501
2298		2712		10848782		3526
2299		2676		10853502		3512
2300		2682		10858222		3541
2301		2702		10862942		3527
2302		2675		10867661		3516
2303		2708		10872381		3511
2304		2719		10877100		3509
2305		2689		10881819		3496
2306		2664		10886538		3505
2307		2651		10891258		3494
2308		2653		10895977		3489
2309		2674		10900695		3499
2310		2693		10905414		3508
2311		2733		10910134		3519
2312		2729		10914854		3494
2313		2754		10919573		3516
2314		2785		10924291		3519
2315		2772		10929010		3496
2316		2776		10933730		3508
2317		2780		10938450		3501
2318		2806		10943167		3541
2319		2821		10947885		3521
2320		2868		10952604		3529
2321		2877		10957321		3523
2322		2846		10962041		3513
2323		2805		10966761		3518
2324		2799		10971479		3534
2325		2821		10976199		3515
2326		2830		10980915		3552
2327		2820		10985633		3540
2328		2809		10990350		3530
2329		2810		10995069		3535
2330		2837		10999788		3499
2331		2855		11004508		3537
2332		2883		11009225		3490
2333		2871		11013945		3506
2334		2847		11018664		3565
2335		2836		11023384		3516
2336		2798		11028102		3543
2337		2775		11032821		3512
2338		2762		11037541		3511
2339		2736		11042258		3548
2340		2723		11046978		3533
2341		2716		11051694		3537
2342		2793		11056413		3524
2343		2774		11061132		3542
2344		2817		11065851		3539
2345		2799		11070571		3517
2346		2769		11075290		3509
2347		2814		11080009		3523
2348		2765		11084727		3528
2349		2792		11089445		3534
2350		2807		11094164		3533
2351		2809		11098883		3521
2352		2833		11103602		3544
2353		2817		11108320		3528
2354		2795		11113040		3533
2355		2801		11117760		3527
2356		2776		11122480		3529
2357		2759		11127199		3510
2358		2732		11131918		3520
2359		2793		11136637		3538
2360		2819		11141356		3558
2361		2806		11146075		3532
2362		2821		11150793		3543
2363		2803		11155513		3509
2364		2793		11160232		3535
2365		2798		11164949		3521
2366		2779		11169668		3502
2367		2736		11174388		3504
2368		2783		11179105		3523
2369		2764		11183825		3527
2370		2736		11188543		3514
2371		2674		11193261		3517
2372		2678		11197979		3509
2373		2679		11202698		3517
2374		2681		11207417		3538
2375		2689		11212135		3533
2376		2682		11216854		3520
2377		2647		11221574		3508
2378		2665		11226293		3511
2379		2664		11231012		3529
2380		2644		11235731		3524
2381		2656		11240449		3508
2382		2647		11245169		3538
2383		2643		11249888		3553
2384		2640		11254605		3510
2385		2667		11259324		3515
2386		2663		11264044		3546
2387		2640		11268763		3518
2388		2669		11273483		3518
2389		2642		11278203		3524
2390		2629		11282922		3515
2391		2658		11287642		3513
2392		2651		11292361		3506
2393		2647		11297080		3509
2394		2640		11301800		3494
2395		2667		11306519		3495
2396		2656		11311238		3519
2397		2664		11315957		3510
2398		2694		11320677		3535
2399		2729		11325395		3527
2400		2680		11330115		3503
2401		2681		11334833		3524
2402		2684		11339552		3506
2403		2679		11344272		3497
2404		2651		11348991		3515
2405		2664		11353709		3482
2406		2614		11358427		3469
2407		2615		11363146		3478
2408		2608		11367866		3479
2409		2567		11372585		3479
2410		2602		11377302		3504
2411		2615		11382022		3523
2412		2579		11386741		3495
2413		2585		11391460		3521
2414		2585		11396178		3507
2415		2572		11400897		3521
2416		2502		11405614		3506
2417		2509		11410332		3523
2418		2516		11415051		3522
2419		2544		11419770		3516
2420		2577		11424490		3505
2421		2552		11429207		3516
2422		2560		11433927		3504
2423		2581		11438646		3508
2424		2587		11443366		3524
2425		2603		11448085		3485
2426		2637		11452804		3499
2427		2654		11457524		3489
2428		2664		11462244		3511
2429		2624		11466962		3520
2430		2637		11471680		3504
2431		2642		11476398		3507
2432		2651		11481117		3513
2433		2649		11485836		3505
2434		2616		11490556		3512
2435		2639		11495276		3492
2436		2693		11499995		3508
2437		2673		11504715		3513
2438		2625		11509435		3522
2439		2595		11514153		3531
2440		2608		11518873		3510
2441		2623		11523593		3525
2442		2617		11528313		3499
2443		2611		11533030		3498
2444		2637		11537749		3499
2445		2613		11542468		3521
2446		2583		11547188		3474
2447		2573		11551905		3482
2448		2567		11556624		3497
2449		2599		11561344		3500
2450		2596		11566062		3496
2451		2615		11570782		3500
2452		2620		11575502		3503
2453		2621		11580220		3503
2454		2641		11584939		3509
2455		2619		11589658		3538
2456		2643		11594378		3484
2457		2655		11599098		3474
2458		2637		11603818		3479
2459		2627		11608537		3477
2460		2619		11613257		3488
2461		2599		11617977		3497
2462		2605		11622696		3512
2463		2600		11627414		3509
2464		2637		11632132		3489
2465		2616		11636852		3489
2466		2587		11641571		3486
2467		2573		11646290		3496
2468		2582		11651010		3494
2469		2605		11655729		3514
2470		2604		11660448		3492
2471		2571		11665167		3482
2472		2576		11669887		3516
2473		2574		11674605		3497
2474		2580		11679323		3503
2475		2582		11684042		3513
2476		2541		11688762		3501
2477		2577		11693481		3521
2478		2536		11698200		3521
2479		2503		11702919		3521
2480		2530		11707639		3547
2481		2530		11712357		3527
2482		2553		11717076		3521
2483		2544		11721796		3506
2484		2567		11726515		3539
2485		2578		11731235		3509
2486		2561		11735954		3518
2487		2522		11740673		3526
2488		2549		11745392		3507
2489		2544		11750111		3497
2490		2537		11754830		3500
2491		2535		11759550		3511
2492		2578		11764270		3487
2493		2565		11768988		3520
2494		2600		11773708		3520
2495		2580		11778428		3518
2496		2584		11783148		3489
2497		2597		11787867		3523
2498		2661		11792585		3530
2499		2652		11797304		3545
2500		2663		11802024		3527
2501		2706		11806743		3519
2502		2695		11811461		3539
2503		2671		11816180		3519
2504		2706		11820898		3515
2505		2710		11825617		3511
2506		2737		11830336		3509
2507		2739		11835056		3501
2508		2748		11839774		3510
2509		2697		11844492		3504
2510		2697		11849212		3502
2511		2623		11853932		3526
2512		2655		11858652		3515
2513		2681		11863372		3492
2514		2710		11868091		3499
2515		2681		11872809		3496
2516		2759		11877527		3517
2517		2736		11882247		3502
2518		2754		11886967		3508
2519		2716		11891687		3488
2520		2715		11896407		3502
2521		2737		11901127		3515
2522		2728		11905847		3517
2523		2728		11910567		3524
2524		2674		11915286		3524
2525		2706		11920005		3518
2526		2679		11924724		3500
2527		2696		11929442		3497
2528		2723		11934162		3500
2529		2705		11938881		3523
2530		2688		11943600		3510
2531		2709		11948319		3499
2532		2738		11953039		3510
2533		2750		11957759		3506
2534		2778		11962479		3513
2535		2755		11967197		3505
2536		2768		11971916		3486
2537		2779		11976636		3524
2538		2723		11981354		3491
2539		2749		11986073		3512
2540		2758		11990791		3484
2541		2720		11995510		3504
2542		2736		12000230		3491
2543		2764		12004949		3511
2544		2708		12009669		3474
2545		2687		12014388		3495
2546		2653		12019107		3488
2547		2663		12023826		3509
2548		2671		12028543		3507
2549		2715		12033263		3501
2550		2722		12037981		3540
2551		2697		12042700		3505
2552		2657		12047420		3506
2553		2671		12052138		3489
2554		2640		12056856		3509
2555		2628		12061576		3508
2556		2661		12066296		3516
2557		2639		12071016		3481
2558		2643		12075736		3488
2559		2666		12080453		3489
2560		2666		12085173		3487
2561		2686		12089892		3478
2562		2672		12094611		3498
2563		2682		12099331		3501
2564		2673		12104050		3496
2565		2666		12108770		3495
2566		2737		12113487		3499
2567		2751		12118207		3511
2568		2759		12122926		3499
2569		2784		12127646		3491
2570		2732		12132366		3517
2571		2716		12137085		3493
2572		2716		12141805		3484
2573		2739		12146525		3500
2574		2719		12151244		3515
2575		2757		12155964		3506
2576		2725		12160683		3486
2577		2742		12165403		3475
2578		2744		12170121		3511
2579		2728		12174841		3497
2580		2716		12179560		3524
2581		2735		12184279		3513
2582		2753		12188999		3525
2583		2796		12193718		3541
2584		2823		12198436		3513
2585		2817		12203156		3526
2586		2739		12207876		3516
2587		2731		12212595		3513
2588		2706		12217315		3507
2589		2720		12222033		3505
2590		2725		12226752		3515
2591		2716		12231472		3493
2592		2747		12236192		3509
2593		2709		12240911		3488
2594		2683		12245631		3526
2595		2680		12250350		3517
2596		2666		12255069		3520
2597		2631		12259789		3486
2598		2657		12264507		3522
2599		2630		12269227		3523
2600		2638		12273947		3521
2601		2685		12278665		3508
2602		2669		12283383		3508
2603		2641		12288101		3527
2604		2640		12292819		3519
2605		2603		12297537		3527
2606		2634		12302255		3509
2607		2641		12306971		3504
2608		2670		12311691		3507
2609		2576		12316409		3475
2610		2618		12321128		3479
2611		2609		12325848		3482
2612		2594		12330565		3476
2613		2632		12335284		3499
2614		2636		12340002		3467
2615		2614		12344720		3494
2616		2599		12349440		3484
2617		2555		12354159		3493
2618		2562		12358876		3478
2619		2539		12363595		3489
2620		2529		12368315		3489
2621		2541		12373035		3508
2622		2575		12377752		3491
2623		2585		12382472		3482
2624		2568		12387192		3470
2625		2594		12391910		3510
2626		2615		12396630		3496
2627		2604		12401350		3491
2628		2611		12406069		3495
2629		2610		12410788		3487
2630		2653		12415508		3509
2631		2677		12420228		3524
2632		2676		12424946		3523
2633		2604		12429666		3526
2634		2612		12434385		3512
2635		2613		12439105		3538
2636		2608		12443825		3506
2637		2607		12448544		3523
2638		2642		12453264		3517
2639		2676		12457984		3505
2640		2647		12462702		3500
2641		2649		12467421		3507
2642		2637		12472140		3498
2643		2641		12476860		3505
2644		2604		12481580		3498
2645		2589		12486299		3505
2646		2587		12491019		3528
2647		2611		12495738		3519
2648		2659		12500457		3489
2649		2632		12505177		3505
2650		2621		12509897		3503
2651		2611		12514615		3511
2652		2636		12519335		3508
2653		2643		12524054		3519
2654		2634		12528770		3506
2655		2669		12533490		3493
2656		2644		12538209		3498
2657		2648		12542928		3513
2658		2638		12547648		3505
2659		2672		12552366		3507
2660		2703		12557084		3499
2661		2725		12561804		3517
2662		2682		12566523		3527
2663		2693		12571242		3510
2664		2643		12575961		3528
2665		2621		12580678		3503
2666		2618		12585397		3522
2667		2586		12590116		3525
2668		2623		12594834		3518
2669		2610		12599554		3518
2670		2613		12604274		3521
2671		2608		12608993		3530
2672		2613		12613712		3531
2673		2599		12618430		3510
2674		2628		12623148		3536
2675		2649		12627866		3521
2676		2690		12632586		3493
2677		2682		12637306		3520
2678		2664		12642024		3523
2679		2651		12646743		3524
2680		2716		12651462		3502
2681		2697		12656182		3509
2682		2708		12660902		3494
2683		2699		12665622		3506
2684		2663		12670342		3486
2685		2645		12675059		3518
2686		2684		12679778		3524
2687		2725		12684497		3514
2688		2696		12689216		3517
2689		2684		12693936		3544
2690		2699		12698655		3507
2691		2705		12703375		3505
2692		2719		12708094		3540
2693		2721		12712812		3517
2694		2724		12717531		3515
2695		2723		12722250		3510
2696		2681		12726968		3546
2697		2707		12731688		3510
2698		2692		12736408		3499
2699		2756		12741126		3521
2700		2747		12745845		3502
2701		2744		12750565		3524
2702		2733		12755283		3498
2703		2722		12760002		3517
2704		2717		12764722		3492
2705		2700		12769442		3518
2706		2662		12774161		3520
2707		2710		12778881		3501
2708		2709		12783598		3501
2709		2692		12788318		3529
2710		2696		12793038		3501
2711		2706		12797756		3486
2712		2706		12802473		3520
2713		2787		12807193		3477
2714		2796		12811913		3500
2715		2773		12816633		3539
2716		2745		12821353		3510
2717		2758		12826072		3530
2718		2761		12830792		3523
2719		2718		12835511		3548
2720		2740		12840231		3511
2721		2745		12844950		3508
2722		2752		12849669		3495
2723		2772		12854389		3518
2724		2762		12859109		3506
2725		2721		12863829		3508
2726		2747		12868549		3527
2727		2763		12873269		3490
2728		2740		12877988		3494
2729		2745		12882707		3492
2730		2733		12887426		3483
2731		2756		12892146		3489
2732		2764		12896866		3498
2733		2781		12901586		3508
2734		2803		12906306		3486
2735		2811		12911026		3508
2736		2779		12915746		3497
2737		2820		12920463		3524
2738		2815		12925182		3509
2739		2789		12929901		3517
2740		2722		12934620		3528
2741		2747		12939339		3528
2742		2780		12944059		3508
2743		2737		12948778		3522
2744		2738		12953497		3530
2745		2755		12958217		3533
2746		2844		12962937		3546
2747		2785		12967657		3535
2748		2766		12972376		3512
2749		2760		12977096		3499
2750		2746		12981814		3507
2751		2763		12986534		3502
2752		2790		12991253		3505
2753		2761		12995970		3517
2754		2771		13000688		3499
2755		2760		13005408		3498
2756		2806		13010126		3501
2757		2762		13014845		3514
2758		2782		13019564		3498
2759		2771		13024282		3521
2760		2793		13029001		3518
2761		2780		13033721		3475
2762		2810		13038440		3529
2763		2797		13043159		3517
2764		2834		13047878		3492
2765		2875		13052597		3523
2766		2874		13057316		3527
2767		2821		13062036		3520
2768		2802		13066756		3525
2769		2766		13071476		3506
2770		2790		13076195		3513
2771		2817		13080914		3504
2772		2803		13085634		3529
2773		2801		13090353		3544
2774		2801		13095072		3530
2775		2775		13099790		3531
2776		2784		13104509		3532
2777		2738		13109227		3517
2778		2780		13113946		3544
2779		2780		13118665		3510
2780		2786		13123385		3501
2781		2781		13128104		3499
2782		2782		13132824		3503
2783		2778		13137544		3501
2784		2778		13142264		3497
2785		2782		13146984		3508
2786		2823		13151703		3507
2787		2809		13156423		3512
2788		2837		13161142		3518
2789		2800		13165862		3478
2790		2825		13170582		3504
2791		2856		13175301		3517
2792		2837		13180021		3515
2793		2842		13184740		3511
2794		2813		13189459		3537
2795		2856		13194177		3510
2796		2864		13198895		3496
2797		2841		13203615		3488
2798		2831		13208334		3489
2799		2819		13213053		3495
2800		2791		13217773		3520
2801		2786		13222491		3500
2802		2827		13227210		3522
2803		2820		13231930		3527
2804		2852		13236650		3505
2805		2835		13241368		3526
2806		2829		13246087		3534
2807		2813		13250806		3560
2808		2828		13255526		3536
2809		2844		13260246		3502
2810		2840		13264965		3504
2811		2821		13269685		3494
2812		2800		13274404		3481
2813		2783		13279124		3502
2814		2747		13283843		3507
2815		2728		13288563		3507
2816		2733		13293282		3536
2817		2725		13298001		3499
2818		2757		13302720		3501
2819		2776		13307439		3506
2820		2812		13312158		3510
2821		2824		13316877		3530
2822		2797		13321596		3531
2823		2800		13326316		3508
2824		2790		13331035		3521
2825		2803		13335754		3523
2826		2795		13340472		3526
2827		2824		13345191		3512
2828		2816		13349911		3527
2829		2825		13354630		3523
2830		2794		13359349		3523
2831		2824		13364068		3505
2832		2811		13368788		3532
2833		2815		13373507		3509
2834		2807		13378227		3499
2835		2813		13382946		3516
2836		2737		13387663		3502
2837		2732		13392382		3522
2838		2741		13397100		3522
2839		2741		13401819		3518
2840		2742		13406536		3546
2841		2719		13411253		3529
2842		2749		13415972		3519
2843		2758		13420692		3510
2844		2728		13425412		3511
2845		2759		13430131		3506
2846		2698		13434848		3519
2847		2735		13439567		3518
2848		2713		13444287		3534
2849		2749		13449006		3506
2850		2741		13453725		3510
2851		2764		13458442		3494
2852		2753		13463161		3521
2853		2772		13467879		3511
2854		2751		13472599		3532
2855		2744		13477319		3507
2856		2712		13482039		3517
2857		2732		13486758		3507
2858		2718		13491478		3484
2859		2706		13496198		3489
2860		2678		13500915		3496
2861		2622		13505634		3498
2862		2675		13510353		3530
2863		2693		13515073		3494
2864		2696		13519793		3528
2865		2652		13524512		3514
2866		2685		13529231		3528
2867		2687		13533950		3512
2868		2674		13538670		3483
2869		2740		13543389		3499
2870		2739		13548109		3506
2871		2710		13552828		3504
2872		2666		13557547		3503
2873		2631		13562266		3505
2874		2656		13566984		3518
2875		2650		13571704		3521
2876		2660		13576424		3537
2877		2649		13581144		3501
2878		2643		13585863		3538
2879		2650		13590582		3520
2880		2634		13595302		3513
2881		2679		13600022		3529
2882		2709		13604741		3517
2883		2712		13609458		3514
2884		2728		13614175		3518
2885		2750		13618895		3506
2886		2762		13623615		3518
2887		2773		13628335		3517
2888		2774		13633053		3522
2889		2763		13637772		3512
2890		2739		13642491		3531
2891		2774		13647211		3494
2892		2781		13651927		3517
2893		2738		13656647		3512
2894		2768		13661367		3513
2895		2764		13666086		3504
2896		2764		13670804		3523
2897		2794		13675523		3546
2898		2817		13680242		3516
2899		2857		13684962		3501
2900		2830		13689679		3511
2901		2827		13694397		3525
2902		2799		13699117		3517
2903		2793		13703837		3520
2904		2788		13708556		3507
2905		2750		13713275		3540
