# Migration is number of nodes that have changed color.

Round		Edge-Cut		Swaps		Migrations		Skipped
0		8408		4016		3073
1		7205		6903		3113
2		6431		9179		3172
3		5788		11042		3172
4		5287		12545		3190
5		4908		13807		3208
6		4591		14936		3236
7		4339		15862		3215
8		4062		16664		3232
9		3902		17354		3262
10		3739		17998		3235
11		3620		18588		3260
12		3510		19138		3265
13		3390		19648		3251
14		3298		20166		3275
15		3251		20658		3235
16		3166		21071		3251
17		3087		21494		3238
18		3004		21885		3260
19		2944		22216		3254
20		2882		22561		3275
21		2799		22835		3292
22		2775		23115		3289
23		2753		23403		3295
24		2689		23625		3291
25		2653		23874		3288
26		2598		24112		3281
27		2552		24350		3284
28		2506		24560		3289
29		2500		24718		3307
30		2471		24873		3294
31		2474		25028		3299
32		2458		25201		3292
33		2438		25399		3315
34		2419		25572		3313
35		2409		25693		3317
36		2392		25822		3306
37		2365		25961		3326
38		2331		26068		3323
39		2332		26178		3331
40		2311		26293		3329
41		2304		26405		3323
42		2292		26516		3311
43		2277		26627		3313
44		2264		26713		3317
45		2236		26805		3309
46		2244		26883		3316
47		2228		26976		3323
48		2216		27060		3322
49		2199		27154		3327
50		2186		27243		3322
51		2193		27318		3323
52		2186		27411		3320
53		2180		27498		3320
54		2170		27579		3322
55		2174		27666		3319
56		2163		27740		3325
57		2150		27793		3322
58		2152		27866		3325
59		2146		27933		3317
60		2146		27981		3325
61		2148		28040		3321
62		2130		28080		3318
63		2117		28136		3325
64		2107		28177		3324
65		2110		28221		3329
66		2101		28263		3315
67		2094		28301		3320
68		2098		28336		3322
69		2088		28377		3315
70		2092		28420		3311
71		2094		28468		3309
72		2074		28504		3311
73		2065		28528		3312
74		2070		28562		3308
75		2068		28595		3313
76		2065		28631		3316
77		2054		28665		3322
78		2059		28688		3318
79		2050		28714		3317
80		2049		28742		3318
81		2047		28787		3312
82		2045		28829		3317
83		2031		28866		3317
84		2027		28892		3322
85		2036		28915		3314
86		2027		28939		3315
87		2027		28963		3314
88		2031		28981		3316
89		2024		29006		3318
90		2027		29033		3314
91		2021		29074		3322
92		2017		29100		3321
93		2012		29125		3317
94		2008		29146		3319
95		2013		29168		3321
96		2013		29205		3317
97		2007		29237		3322
98		2004		29266		3317
99		1999		29277		3323
100		1997		29291		3325
101		1993		29303		3324
102		1995		29318		3320
103		1992		29337		3321
104		1993		29351		3319
105		1991		29375		3316
106		1988		29389		3318
107		1988		29405		3314
108		1989		29429		3317
109		1989		29446		3316
110		1984		29459		3318
111		1983		29467		3316
112		1983		29483		3314
113		1980		29492		3315
114		1980		29502		3317
115		1976		29510		3317
116		1970		29524		3317
117		1970		29533		3314
118		1973		29545		3317
119		1967		29563		3320
120		1967		29585		3319
121		1964		29604		3319
122		1966		29613		3321
123		1966		29625		3320
124		1964		29635		3321
125		1961		29646		3320
126		1962		29669		3323
127		1962		29678		3323
128		1960		29689		3320
129		1961		29698		3318
130		1960		29705		3321
131		1958		29714		3324
132		1957		29724		3323
133		1953		29732		3323
134		1955		29741		3321
135		1954		29744		3321
136		1953		29751		3324
137		1953		29761		3325
138		1952		29770		3323
139		1957		29777		3325
140		1957		29785		3326
141		1958		29792		3325
142		1953		29804		3328
143		1951		29815		3326
144		1953		29828		3328
145		1952		29839		3327
146		1951		29849		3326
147		1948		29859		3324
148		1949		29873		3324
149		1946		29887		3326
150		1944		29898		3324
151		1938		29907		3325
152		1938		29909		3325
153		1938		29912		3325
154		1938		29914		3325
155		1938		29916		3325
156		1942		29919		3327
157		1941		29926		3329
158		1942		29929		3327
159		1941		29949		3329
160		1933		29958		3331
161		1927		29970		3329
162		1923		29979		3331
163		1922		29996		3331
164		1924		30002		3333
165		1923		30009		3333
166		1922		30015		3333
167		1920		30022		3331
168		1917		30028		3332
169		1918		30036		3332
170		1916		30042		3330
171		1917		30047		3330
172		1917		30050		3332
173		1916		30052		3331
174		1915		30059		3331
175		1916		30064		3329
176		1910		30070		3330
177		1910		30070		3330
178		1910		30070		3330
179		1910		30070		3330
180		1910		30070		3330
181		1910		30070		3330
182		1910		30070		3330
183		1910		30070		3330
184		1910		30070		3330
185		1910		30070		3330
186		1910		30070		3330
187		1910		30070		3330
188		1910		30070		3330
189		1910		30070		3330
190		1910		30070		3330
191		1910		30070		3330
192		1910		30070		3330
193		1910		30070		3330
194		1910		30070		3330
195		1910		30070		3330
196		1909		30071		3331
197		1909		30071		3331
198		1909		30071		3331
199		1909		30071		3331
200		1909		30071		3331
201		1909		30071		3331
202		1909		30071		3331
203		1909		30071		3331
204		1909		30071		3331
205		1909		30071		3331
206		1909		30071		3331
207		1909		30071		3331
208		1909		30071		3331
209		1909		30071		3331
210		1909		30071		3331
211		1909		30071		3331
212		1909		30071		3331
213		1909		30071		3331
214		1909		30071		3331
215		1909		30071		3331
216		1909		30071		3331
217		1909		30071		3331
218		1909		30071		3331
219		1909		30071		3331
220		1909		30071		3331
221		1909		30071		3331
222		1909		30071		3331
223		1909		30071		3331
224		1909		30071		3331
225		1909		30071		3331
226		1909		30071		3331
227		1909		30071		3331
228		1909		30071		3331
229		1909		30071		3331
230		1909		30071		3331
231		1909		30071		3331
232		1909		30071		3331
233		1909		30071		3331
234		1909		30071		3331
235		1909		30071		3331
236		1909		30071		3331
237		1909		30071		3331
238		1909		30071		3331
239		1909		30071		3331
240		1909		30071		3331
241		1909		30071		3331
242		1909		30071		3331
243		1909		30071		3331
244		1909		30071		3331
245		1909		30071		3331
246		1909		30071		3331
247		1909		30071		3331
248		1909		30071		3331
249		1909		30071		3331
250		1909		30071		3331
251		1909		30071		3331
252		1909		30071		3331
253		1909		30071		3331
254		1909		30071		3331
255		1909		30071		3331
256		1909		30071		3331
257		1909		30071		3331
258		1909		30071		3331
259		1909		30071		3331
260		1909		30071		3331
261		1909		30071		3331
262		1909		30071		3331
263		1909		30071		3331
264		1909		30071		3331
265		1909		30071		3331
266		1909		30071		3331
267		1909		30071		3331
268		1909		30071		3331
269		1909		30071		3331
270		1909		30071		3331
271		1909		30071		3331
272		1909		30071		3331
273		1909		30071		3331
274		1909		30071		3331
275		1909		30071		3331
276		1909		30071		3331
277		1909		30071		3331
278		1909		30071		3331
279		1909		30071		3331
280		1909		30071		3331
281		1909		30071		3331
282		1909		30071		3331
283		1909		30071		3331
284		1909		30071		3331
285		1909		30071		3331
286		1909		30071		3331
287		1909		30071		3331
288		1909		30071		3331
289		1909		30071		3331
290		1909		30071		3331
291		1909		30071		3331
292		1909		30071		3331
293		1909		30071		3331
294		1909		30071		3331
295		1909		30071		3331
296		1909		30071		3331
297		1909		30071		3331
298		1909		30071		3331
299		1909		30071		3331
300		1909		30071		3331
301		1909		30071		3331
302		1909		30071		3331
303		1909		30071		3331
304		1909		30071		3331
305		1909		30071		3331
306		1909		30071		3331
307		1909		30071		3331
308		1909		30071		3331
309		1909		30071		3331
310		1909		30071		3331
311		1909		30071		3331
312		1909		30071		3331
313		1909		30071		3331
314		1909		30071		3331
315		1909		30071		3331
316		1909		30071		3331
317		1909		30071		3331
318		1909		30071		3331
319		1909		30071		3331
320		1909		30071		3331
321		1909		30071		3331
322		1909		30071		3331
323		1909		30071		3331
324		1909		30071		3331
325		1909		30071		3331
326		1909		30071		3331
327		1909		30071		3331
328		1909		30071		3331
329		1909		30071		3331
330		1909		30071		3331
331		1909		30071		3331
332		1909		30071		3331
333		1909		30071		3331
334		1909		30071		3331
335		1909		30071		3331
336		1909		30071		3331
337		1909		30071		3331
338		1909		30071		3331
339		1909		30071		3331
340		1909		30071		3331
341		1909		30071		3331
342		1909		30071		3331
343		1909		30071		3331
344		1909		30071		3331
345		1909		30071		3331
346		1909		30071		3331
347		1909		30071		3331
348		1909		30071		3331
349		1909		30071		3331
350		1909		30071		3331
351		1909		30071		3331
352		1909		30071		3331
353		1909		30071		3331
354		1909		30071		3331
355		1909		30071		3331
356		1909		30071		3331
357		1909		30071		3331
358		1909		30071		3331
359		1909		30071		3331
360		1909		30071		3331
361		1909		30071		3331
362		1909		30071		3331
363		1909		30071		3331
364		1909		30071		3331
365		1909		30071		3331
366		1909		30071		3331
367		1909		30071		3331
368		1909		30071		3331
369		1909		30071		3331
370		1909		30071		3331
371		1909		30071		3331
372		1909		30071		3331
373		1909		30071		3331
374		1909		30071		3331
375		1909		30071		3331
376		1909		30071		3331
377		1909		30071		3331
378		1909		30071		3331
379		1909		30071		3331
380		1909		30071		3331
381		1909		30071		3331
382		1909		30071		3331
383		1909		30071		3331
384		1909		30071		3331
385		1909		30071		3331
386		1909		30071		3331
387		1909		30071		3331
388		1909		30071		3331
389		1909		30071		3331
390		1909		30071		3331
391		1909		30071		3331
392		1909		30071		3331
393		1909		30071		3331
394		1909		30071		3331
395		1909		30071		3331
396		1909		30071		3331
397		1909		30071		3331
398		1909		30071		3331
399		1909		30071		3331
400		1909		30071		3331
401		1909		30071		3331
402		1909		30071		3331
403		1909		30071		3331
404		1909		30071		3331
405		1909		30071		3331
406		1909		30071		3331
407		1909		30071		3331
408		1909		30071		3331
409		1909		30071		3331
410		1909		30071		3331
411		1909		30071		3331
412		1909		30071		3331
413		1909		30071		3331
414		1909		30071		3331
415		1909		30071		3331
416		1909		30071		3331
417		1909		30071		3331
418		1909		30071		3331
419		1909		30071		3331
420		1909		30071		3331
421		1909		30071		3331
422		1909		30071		3331
423		1909		30071		3331
424		1909		30071		3331
425		1909		30071		3331
426		1909		30071		3331
427		1909		30071		3331
428		1909		30071		3331
429		1909		30071		3331
430		1909		30071		3331
431		1909		30071		3331
432		1909		30071		3331
433		1909		30071		3331
434		1909		30071		3331
435		1909		30071		3331
436		1909		30071		3331
437		1909		30071		3331
438		1909		30071		3331
439		1909		30071		3331
440		1909		30071		3331
441		1909		30071		3331
442		1909		30071		3331
443		1909		30071		3331
444		1909		30071		3331
445		1909		30071		3331
446		1909		30071		3331
447		1909		30071		3331
448		1909		30071		3331
449		1909		30071		3331
450		1909		30071		3331
451		1909		30071		3331
452		1909		30071		3331
453		1909		30071		3331
454		1909		30071		3331
455		1909		30071		3331
456		1909		30071		3331
457		1909		30071		3331
458		1909		30071		3331
459		1909		30071		3331
460		1909		30071		3331
461		1909		30071		3331
462		1909		30071		3331
463		1909		30071		3331
464		1909		30071		3331
465		1909		30071		3331
466		1909		30071		3331
467		1909		30071		3331
468		1909		30071		3331
469		1909		30071		3331
470		1909		30071		3331
471		1909		30071		3331
472		1909		30071		3331
473		1909		30071		3331
474		1909		30071		3331
475		1909		30071		3331
476		1909		30071		3331
477		1909		30071		3331
478		1909		30071		3331
479		1909		30071		3331
480		1909		30071		3331
481		1909		30071		3331
482		1909		30071		3331
483		1909		30071		3331
484		1909		30071		3331
485		1909		30071		3331
486		1909		30071		3331
487		1909		30071		3331
488		1909		30071		3331
489		1909		30071		3331
490		1909		30071		3331
491		1909		30071		3331
492		1909		30071		3331
493		1909		30071		3331
494		1909		30071		3331
495		1909		30071		3331
496		1909		30071		3331
497		1909		30071		3331
498		1909		30071		3331
499		1909		30071		3331
500		1909		30071		3331
501		1909		30071		3331
502		1909		30071		3331
503		1909		30071		3331
504		1909		30071		3331
505		1909		30071		3331
506		1909		30071		3331
507		1909		30071		3331
508		1909		30071		3331
509		1909		30071		3331
510		1909		30071		3331
511		1909		30071		3331
512		1909		30071		3331
513		1909		30071		3331
514		1909		30071		3331
515		1909		30071		3331
516		1909		30071		3331
517		1909		30071		3331
518		1909		30071		3331
519		1909		30071		3331
520		1909		30071		3331
521		1909		30071		3331
522		1909		30071		3331
523		1909		30071		3331
524		1909		30071		3331
525		1909		30071		3331
526		1909		30071		3331
527		1909		30071		3331
528		1909		30071		3331
529		1909		30071		3331
530		1909		30071		3331
531		1909		30071		3331
532		1909		30071		3331
533		1909		30071		3331
534		1909		30071		3331
535		1909		30071		3331
536		1909		30071		3331
537		1909		30071		3331
538		1909		30071		3331
539		1909		30071		3331
540		1909		30071		3331
541		1909		30071		3331
542		1909		30071		3331
543		1909		30071		3331
544		1909		30071		3331
545		1909		30071		3331
546		1909		30071		3331
547		1909		30071		3331
548		1909		30071		3331
549		1909		30071		3331
550		1909		30071		3331
551		1909		30071		3331
552		1909		30071		3331
553		1909		30071		3331
554		1909		30071		3331
555		1909		30071		3331
556		1909		30071		3331
557		1909		30071		3331
558		1909		30071		3331
559		1909		30071		3331
560		1909		30071		3331
561		1909		30071		3331
562		1909		30071		3331
563		1909		30071		3331
564		1909		30071		3331
565		1909		30071		3331
566		1909		30071		3331
567		1909		30071		3331
568		1909		30071		3331
569		1909		30071		3331
570		1909		30071		3331
571		1909		30071		3331
572		1909		30071		3331
573		1909		30071		3331
574		1909		30071		3331
575		1909		30071		3331
576		1909		30071		3331
577		1909		30071		3331
578		1909		30071		3331
579		1909		30071		3331
580		1909		30071		3331
581		1909		30071		3331
582		1909		30071		3331
583		1909		30071		3331
584		1909		30071		3331
585		1909		30071		3331
586		1909		30071		3331
587		1909		30071		3331
588		1909		30071		3331
589		1909		30071		3331
590		1909		30071		3331
591		1909		30071		3331
592		1909		30071		3331
593		1909		30071		3331
594		1909		30071		3331
595		1909		30071		3331
596		1909		30071		3331
597		1909		30071		3331
598		1909		30071		3331
599		1909		30071		3331
600		1909		30071		3331
601		1909		30071		3331
602		1909		30071		3331
603		1909		30071		3331
604		1909		30071		3331
605		1909		30071		3331
606		1909		30071		3331
607		1909		30071		3331
608		1909		30071		3331
609		1909		30071		3331
610		1909		30071		3331
611		1909		30071		3331
612		1909		30071		3331
613		1909		30071		3331
614		1909		30071		3331
615		1909		30071		3331
616		1909		30071		3331
617		1909		30071		3331
618		1909		30071		3331
619		1909		30071		3331
620		1909		30071		3331
621		1909		30071		3331
622		1909		30071		3331
623		1909		30071		3331
624		1909		30071		3331
625		1909		30071		3331
626		1909		30071		3331
627		1909		30071		3331
628		1909		30071		3331
629		1909		30071		3331
630		1909		30071		3331
631		1909		30071		3331
632		1909		30071		3331
633		1909		30071		3331
634		1909		30071		3331
635		1909		30071		3331
636		1909		30071		3331
637		1909		30071		3331
638		1909		30071		3331
639		1909		30071		3331
640		1909		30071		3331
641		1909		30071		3331
642		1909		30071		3331
643		1909		30071		3331
644		1909		30071		3331
645		1909		30071		3331
646		1909		30071		3331
647		1909		30071		3331
648		1909		30071		3331
649		1909		30071		3331
650		1909		30071		3331
651		1909		30071		3331
652		1909		30071		3331
653		1909		30071		3331
654		1909		30071		3331
655		1909		30071		3331
656		1909		30071		3331
657		1909		30071		3331
658		1909		30071		3331
659		1909		30071		3331
660		1909		30071		3331
661		1909		30071		3331
662		1909		30071		3331
663		1909		30071		3331
664		1909		30071		3331
665		1909		30071		3331
666		1909		30071		3331
667		1909		30071		3331
668		1909		30071		3331
669		1909		30071		3331
670		1909		30071		3331
671		1909		30071		3331
672		1909		30071		3331
673		1909		30071		3331
674		1909		30071		3331
675		1909		30071		3331
676		1909		30071		3331
677		1909		30071		3331
678		1909		30071		3331
679		1909		30071		3331
680		1909		30071		3331
681		1909		30071		3331
682		1909		30071		3331
683		1909		30071		3331
684		1909		30071		3331
685		1909		30071		3331
686		1909		30071		3331
687		1909		30071		3331
688		1909		30071		3331
689		1909		30071		3331
690		1909		30071		3331
691		1909		30071		3331
692		1909		30071		3331
693		1909		30071		3331
694		1909		30071		3331
695		1909		30071		3331
696		1909		30071		3331
697		1909		30071		3331
698		1909		30071		3331
699		1909		30071		3331
700		1909		30071		3331
701		1909		30071		3331
702		1909		30071		3331
703		1909		30071		3331
704		1909		30071		3331
705		1909		30071		3331
706		1909		30071		3331
707		1909		30071		3331
708		1909		30071		3331
709		1909		30071		3331
710		1909		30071		3331
711		1909		30071		3331
712		1909		30071		3331
713		1909		30071		3331
714		1909		30071		3331
715		1909		30071		3331
716		1909		30071		3331
717		1909		30071		3331
718		1909		30071		3331
719		1909		30071		3331
720		1909		30071		3331
721		1909		30071		3331
722		1909		30071		3331
723		1909		30071		3331
724		1909		30071		3331
725		1909		30071		3331
726		1909		30071		3331
727		1909		30071		3331
728		1909		30071		3331
729		1909		30071		3331
730		1909		30071		3331
731		1909		30071		3331
732		1909		30071		3331
733		1909		30071		3331
734		1909		30071		3331
735		1909		30071		3331
736		1909		30071		3331
737		1909		30071		3331
738		1909		30071		3331
739		1909		30071		3331
740		1909		30071		3331
741		1909		30071		3331
742		1909		30071		3331
743		1909		30071		3331
744		1909		30071		3331
745		1909		30071		3331
746		1909		30071		3331
747		1909		30071		3331
748		1909		30071		3331
749		1909		30071		3331
750		1909		30071		3331
751		1909		30071		3331
752		1909		30071		3331
753		1909		30071		3331
754		1909		30071		3331
755		1909		30071		3331
756		1909		30071		3331
757		1909		30071		3331
758		1909		30071		3331
759		1909		30071		3331
760		1909		30071		3331
761		1909		30071		3331
762		1909		30071		3331
763		1909		30071		3331
764		1909		30071		3331
765		1909		30071		3331
766		1909		30071		3331
767		1909		30071		3331
768		1909		30071		3331
769		1909		30071		3331
770		1909		30071		3331
771		1909		30071		3331
772		1909		30071		3331
773		1909		30071		3331
774		1909		30071		3331
775		1909		30071		3331
776		1909		30071		3331
777		1909		30071		3331
778		1909		30071		3331
779		1909		30071		3331
780		1909		30071		3331
781		1909		30071		3331
782		1909		30071		3331
783		1909		30071		3331
784		1909		30071		3331
785		1909		30071		3331
786		1909		30071		3331
787		1909		30071		3331
788		1909		30071		3331
789		1909		30071		3331
790		1909		30071		3331
791		1909		30071		3331
792		1909		30071		3331
793		1909		30071		3331
794		1909		30071		3331
795		1909		30071		3331
796		1909		30071		3331
797		1909		30071		3331
798		1909		30071		3331
799		1909		30071		3331
800		1909		30071		3331
801		1909		30071		3331
802		1909		30071		3331
803		1909		30071		3331
804		1909		30071		3331
805		1909		30071		3331
806		1909		30071		3331
807		1909		30071		3331
808		1909		30071		3331
809		1909		30071		3331
810		1909		30071		3331
811		1909		30071		3331
812		1909		30071		3331
813		1909		30071		3331
814		1909		30071		3331
815		1909		30071		3331
816		1909		30071		3331
817		1909		30071		3331
818		1909		30071		3331
819		1909		30071		3331
820		1909		30071		3331
821		1909		30071		3331
822		1909		30071		3331
823		1909		30071		3331
824		1909		30071		3331
825		1909		30071		3331
826		1909		30071		3331
827		1909		30071		3331
828		1909		30071		3331
829		1909		30071		3331
830		1909		30071		3331
831		1909		30071		3331
832		1909		30071		3331
833		1909		30071		3331
834		1909		30071		3331
835		1909		30071		3331
836		1909		30071		3331
837		1909		30071		3331
838		1909		30071		3331
839		1909		30071		3331
840		1909		30071		3331
841		1909		30071		3331
842		1909		30071		3331
843		1909		30071		3331
844		1909		30071		3331
845		1909		30071		3331
846		1909		30071		3331
847		1909		30071		3331
848		1909		30071		3331
849		1909		30071		3331
850		1909		30071		3331
851		1909		30071		3331
852		1909		30071		3331
853		1909		30071		3331
854		1909		30071		3331
855		1909		30071		3331
856		1909		30071		3331
857		1909		30071		3331
858		1909		30071		3331
859		1909		30071		3331
860		1909		30071		3331
861		1909		30071		3331
862		1909		30071		3331
863		1909		30071		3331
864		1909		30071		3331
865		1909		30071		3331
866		1909		30071		3331
867		1909		30071		3331
868		1909		30071		3331
869		1909		30071		3331
870		1909		30071		3331
871		1909		30071		3331
872		1909		30071		3331
873		1909		30071		3331
874		1909		30071		3331
875		1909		30071		3331
876		1909		30071		3331
877		1909		30071		3331
878		1909		30071		3331
879		1909		30071		3331
880		1909		30071		3331
881		1909		30071		3331
882		1909		30071		3331
883		1909		30071		3331
884		1909		30071		3331
885		1909		30071		3331
886		1909		30071		3331
887		1909		30071		3331
888		1909		30071		3331
889		1909		30071		3331
890		1909		30071		3331
891		1909		30071		3331
892		1909		30071		3331
893		1909		30071		3331
894		1909		30071		3331
895		1909		30071		3331
896		1909		30071		3331
897		1909		30071		3331
898		1909		30071		3331
899		1909		30071		3331
900		1909		30071		3331
901		1909		30071		3331
902		1909		30071		3331
903		1909		30071		3331
904		1909		30071		3331
905		1909		30071		3331
906		1909		30071		3331
907		1909		30071		3331
908		1909		30071		3331
909		1909		30071		3331
910		1909		30071		3331
911		1909		30071		3331
912		1909		30071		3331
913		1909		30071		3331
914		1909		30071		3331
915		1909		30071		3331
916		1909		30071		3331
917		1909		30071		3331
918		1909		30071		3331
919		1909		30071		3331
920		1909		30071		3331
921		1909		30071		3331
922		1909		30071		3331
923		1909		30071		3331
924		1909		30071		3331
925		1909		30071		3331
926		1909		30071		3331
927		1909		30071		3331
928		1909		30071		3331
929		1909		30071		3331
930		1909		30071		3331
931		1909		30071		3331
932		1909		30071		3331
933		1909		30071		3331
934		1909		30071		3331
935		1909		30071		3331
936		1909		30071		3331
937		1909		30071		3331
938		1909		30071		3331
939		1909		30071		3331
940		1909		30071		3331
941		1909		30071		3331
942		1909		30071		3331
943		1909		30071		3331
944		1909		30071		3331
945		1909		30071		3331
946		1909		30071		3331
947		1909		30071		3331
948		1909		30071		3331
949		1909		30071		3331
950		1909		30071		3331
951		1909		30071		3331
952		1909		30071		3331
953		1909		30071		3331
954		1909		30071		3331
955		1909		30071		3331
956		1909		30071		3331
957		1909		30071		3331
958		1909		30071		3331
959		1909		30071		3331
960		1909		30071		3331
961		1909		30071		3331
962		1909		30071		3331
963		1909		30071		3331
964		1909		30071		3331
965		1909		30071		3331
966		1909		30071		3331
967		1909		30071		3331
968		1909		30071		3331
969		1909		30071		3331
970		1909		30071		3331
971		1909		30071		3331
972		1909		30071		3331
973		1909		30071		3331
974		1909		30071		3331
975		1909		30071		3331
976		1909		30071		3331
977		1909		30071		3331
978		1909		30071		3331
979		1909		30071		3331
980		1909		30071		3331
981		1909		30071		3331
982		1909		30071		3331
983		1909		30071		3331
984		1909		30071		3331
985		1909		30071		3331
986		1909		30071		3331
987		1909		30071		3331
988		1909		30071		3331
989		1909		30071		3331
990		1909		30071		3331
991		1909		30071		3331
992		1909		30071		3331
993		1909		30071		3331
994		1909		30071		3331
995		1909		30071		3331
996		1909		30071		3331
997		1909		30071		3331
998		1909		30071		3331
999		1909		30071		3331
1000		1909		30071		3331
1001		1909		30071		3331
1002		1909		30071		3331
1003		1909		30071		3331
1004		1909		30071		3331
1005		1909		30071		3331
1006		1909		30071		3331
1007		1909		30071		3331
1008		1909		30071		3331
1009		1909		30071		3331
1010		1909		30071		3331
1011		1909		30071		3331
1012		1909		30071		3331
1013		1909		30071		3331
1014		1909		30071		3331
1015		1909		30071		3331
1016		1909		30071		3331
1017		1909		30071		3331
1018		1909		30071		3331
1019		1909		30071		3331
1020		1909		30071		3331
1021		1909		30071		3331
1022		1909		30071		3331
1023		1909		30071		3331
1024		1909		30071		3331
1025		1909		30071		3331
1026		1909		30071		3331
1027		1909		30071		3331
1028		1909		30071		3331
1029		1909		30071		3331
1030		1909		30071		3331
1031		1909		30071		3331
1032		1909		30071		3331
1033		1909		30071		3331
1034		1909		30071		3331
1035		1909		30071		3331
1036		1909		30071		3331
1037		1909		30071		3331
1038		1909		30071		3331
1039		1909		30071		3331
1040		1909		30071		3331
1041		1909		30071		3331
1042		1909		30071		3331
1043		1909		30071		3331
1044		1909		30071		3331
1045		1909		30071		3331
1046		1909		30071		3331
1047		1909		30071		3331
1048		1909		30071		3331
1049		1909		30071		3331
1050		1909		30071		3331
1051		1909		30071		3331
1052		1909		30071		3331
1053		1909		30071		3331
1054		1909		30071		3331
1055		1909		30071		3331
1056		1909		30071		3331
1057		1909		30071		3331
1058		1909		30071		3331
1059		1909		30071		3331
1060		1909		30071		3331
1061		1909		30071		3331
1062		1909		30071		3331
1063		1909		30071		3331
1064		1909		30071		3331
1065		1909		30071		3331
1066		1909		30071		3331
1067		1909		30071		3331
1068		1909		30071		3331
1069		1909		30071		3331
1070		1909		30071		3331
1071		1909		30071		3331
1072		1909		30071		3331
1073		1909		30071		3331
1074		1909		30071		3331
1075		1909		30071		3331
1076		1909		30071		3331
1077		1909		30071		3331
1078		1909		30071		3331
1079		1909		30071		3331
1080		1909		30071		3331
1081		1909		30071		3331
1082		1909		30071		3331
1083		1909		30071		3331
1084		1909		30071		3331
1085		1909		30071		3331
1086		1909		30071		3331
1087		1909		30071		3331
1088		1909		30071		3331
1089		1909		30071		3331
1090		1909		30071		3331
1091		1909		30071		3331
1092		1909		30071		3331
1093		1909		30071		3331
1094		1909		30071		3331
1095		1909		30071		3331
1096		1909		30071		3331
1097		1909		30071		3331
1098		1909		30071		3331
1099		1909		30071		3331
1100		1909		30071		3331
1101		1909		30071		3331
1102		1909		30071		3331
1103		1909		30071		3331
1104		1909		30071		3331
1105		1909		30071		3331
1106		1909		30071		3331
1107		1909		30071		3331
1108		1909		30071		3331
1109		1909		30071		3331
1110		1909		30071		3331
1111		1909		30071		3331
1112		1909		30071		3331
1113		1909		30071		3331
1114		1909		30071		3331
1115		1909		30071		3331
1116		1909		30071		3331
1117		1909		30071		3331
1118		1909		30071		3331
1119		1909		30071		3331
1120		1909		30071		3331
1121		1909		30071		3331
1122		1909		30071		3331
1123		1909		30071		3331
1124		1909		30071		3331
1125		1909		30071		3331
1126		1909		30071		3331
1127		1909		30071		3331
1128		1909		30071		3331
1129		1909		30071		3331
1130		1909		30071		3331
1131		1909		30071		3331
1132		1909		30071		3331
1133		1909		30071		3331
1134		1909		30071		3331
1135		1909		30071		3331
1136		1909		30071		3331
1137		1909		30071		3331
1138		1909		30071		3331
1139		1909		30071		3331
1140		1909		30071		3331
1141		1909		30071		3331
1142		1909		30071		3331
1143		1909		30071		3331
1144		1909		30071		3331
1145		1909		30071		3331
1146		1909		30071		3331
1147		1909		30071		3331
1148		1909		30071		3331
1149		1909		30071		3331
1150		1909		30071		3331
1151		1909		30071		3331
1152		1909		30071		3331
1153		1909		30071		3331
1154		1909		30071		3331
1155		1909		30071		3331
1156		1909		30071		3331
1157		1909		30071		3331
1158		1909		30071		3331
1159		1909		30071		3331
1160		1909		30071		3331
1161		1909		30071		3331
1162		1909		30071		3331
1163		1909		30071		3331
1164		1909		30071		3331
1165		1909		30071		3331
1166		1909		30071		3331
1167		1909		30071		3331
1168		1909		30071		3331
1169		1909		30071		3331
1170		1909		30071		3331
1171		1909		30071		3331
1172		1909		30071		3331
1173		1909		30071		3331
1174		1909		30071		3331
1175		1909		30071		3331
1176		1909		30071		3331
1177		1909		30071		3331
1178		1909		30071		3331
1179		1909		30071		3331
1180		1909		30071		3331
1181		1909		30071		3331
1182		1909		30071		3331
1183		1909		30071		3331
1184		1909		30071		3331
1185		1909		30071		3331
1186		1909		30071		3331
1187		1909		30071		3331
1188		1909		30071		3331
1189		1909		30071		3331
1190		1909		30071		3331
1191		1909		30071		3331
1192		1909		30071		3331
1193		1909		30071		3331
1194		1909		30071		3331
1195		1909		30071		3331
1196		1909		30071		3331
1197		1909		30071		3331
1198		1909		30071		3331
1199		1909		30071		3331
1200		1909		30071		3331
1201		1909		30071		3331
1202		1909		30071		3331
1203		1909		30071		3331
1204		1909		30071		3331
1205		1909		30071		3331
1206		1909		30071		3331
1207		1909		30071		3331
1208		1909		30071		3331
1209		1909		30071		3331
1210		1909		30071		3331
1211		1909		30071		3331
1212		1909		30071		3331
1213		1909		30071		3331
1214		1909		30071		3331
1215		1909		30071		3331
1216		1909		30071		3331
1217		1909		30071		3331
1218		1909		30071		3331
1219		1909		30071		3331
1220		1909		30071		3331
1221		1909		30071		3331
1222		1909		30071		3331
1223		1909		30071		3331
1224		1909		30071		3331
1225		1909		30071		3331
1226		1909		30071		3331
1227		1909		30071		3331
1228		1909		30071		3331
1229		1909		30071		3331
1230		1909		30071		3331
1231		1909		30071		3331
1232		1909		30071		3331
1233		1909		30071		3331
1234		1909		30071		3331
1235		1909		30071		3331
1236		1909		30071		3331
1237		1909		30071		3331
1238		1909		30071		3331
1239		1909		30071		3331
1240		1909		30071		3331
1241		1909		30071		3331
1242		1909		30071		3331
1243		1909		30071		3331
1244		1909		30071		3331
1245		1909		30071		3331
1246		1909		30071		3331
1247		1909		30071		3331
1248		1909		30071		3331
1249		1909		30071		3331
1250		1909		30071		3331
1251		1909		30071		3331
1252		1909		30071		3331
1253		1909		30071		3331
1254		1909		30071		3331
1255		1909		30071		3331
1256		1909		30071		3331
1257		1909		30071		3331
1258		1909		30071		3331
1259		1909		30071		3331
1260		1909		30071		3331
1261		1909		30071		3331
1262		1909		30071		3331
1263		1909		30071		3331
1264		1909		30071		3331
1265		1909		30071		3331
1266		1909		30071		3331
1267		1909		30071		3331
1268		1909		30071		3331
1269		1909		30071		3331
1270		1909		30071		3331
1271		1909		30071		3331
1272		1909		30071		3331
1273		1909		30071		3331
1274		1909		30071		3331
1275		1909		30071		3331
1276		1909		30071		3331
1277		1909		30071		3331
1278		1909		30071		3331
1279		1909		30071		3331
1280		1909		30071		3331
1281		1909		30071		3331
1282		1909		30071		3331
1283		1909		30071		3331
1284		1909		30071		3331
1285		1909		30071		3331
1286		1909		30071		3331
1287		1909		30071		3331
1288		1909		30071		3331
1289		1909		30071		3331
1290		1909		30071		3331
1291		1909		30071		3331
1292		1909		30071		3331
1293		1909		30071		3331
1294		1909		30071		3331
1295		1909		30071		3331
1296		1909		30071		3331
1297		1909		30071		3331
1298		1909		30071		3331
1299		1909		30071		3331
1300		1909		30071		3331
1301		1909		30071		3331
1302		1909		30071		3331
1303		1909		30071		3331
1304		1909		30071		3331
1305		1909		30071		3331
1306		1909		30071		3331
1307		1909		30071		3331
1308		1909		30071		3331
1309		1909		30071		3331
1310		1909		30071		3331
1311		1909		30071		3331
1312		1909		30071		3331
1313		1909		30071		3331
1314		1909		30071		3331
1315		1909		30071		3331
1316		1909		30071		3331
1317		1909		30071		3331
1318		1909		30071		3331
1319		1909		30071		3331
1320		1909		30071		3331
1321		1909		30071		3331
1322		1909		30071		3331
1323		1909		30071		3331
1324		1909		30071		3331
1325		1909		30071		3331
1326		1909		30071		3331
1327		1909		30071		3331
1328		1909		30071		3331
1329		1909		30071		3331
1330		1909		30071		3331
1331		1909		30071		3331
1332		1909		30071		3331
1333		1909		30071		3331
1334		1909		30071		3331
1335		1909		30071		3331
1336		1909		30071		3331
1337		1909		30071		3331
1338		1909		30071		3331
1339		1909		30071		3331
1340		1909		30071		3331
1341		1909		30071		3331
1342		1909		30071		3331
1343		1909		30071		3331
1344		1909		30071		3331
1345		1909		30071		3331
1346		1909		30071		3331
1347		1909		30071		3331
1348		1909		30071		3331
1349		1909		30071		3331
1350		1909		30071		3331
1351		1909		30071		3331
1352		1909		30071		3331
1353		1909		30071		3331
1354		1909		30071		3331
1355		1909		30071		3331
1356		1909		30071		3331
1357		1909		30071		3331
1358		1909		30071		3331
1359		1909		30071		3331
1360		1909		30071		3331
1361		1909		30071		3331
1362		1909		30071		3331
1363		1909		30071		3331
1364		1909		30071		3331
1365		1909		30071		3331
1366		1909		30071		3331
1367		1909		30071		3331
1368		1909		30071		3331
1369		1909		30071		3331
1370		1909		30071		3331
1371		1909		30071		3331
1372		1909		30071		3331
1373		1909		30071		3331
1374		1909		30071		3331
1375		1909		30071		3331
1376		1909		30071		3331
1377		1909		30071		3331
1378		1909		30071		3331
1379		1909		30071		3331
1380		1909		30071		3331
1381		1909		30071		3331
1382		1909		30071		3331
1383		1909		30071		3331
1384		1909		30071		3331
1385		1909		30071		3331
1386		1909		30071		3331
1387		1909		30071		3331
1388		1909		30071		3331
1389		1909		30071		3331
1390		1909		30071		3331
1391		1909		30071		3331
1392		1909		30071		3331
1393		1909		30071		3331
1394		1909		30071		3331
1395		1909		30071		3331
1396		1909		30071		3331
1397		1909		30071		3331
1398		1909		30071		3331
1399		1909		30071		3331
1400		1909		30071		3331
1401		1909		30071		3331
1402		1909		30071		3331
1403		1909		30071		3331
1404		1909		30071		3331
1405		1909		30071		3331
1406		1909		30071		3331
1407		1909		30071		3331
1408		1909		30071		3331
1409		1909		30071		3331
1410		1909		30071		3331
1411		1909		30071		3331
1412		1909		30071		3331
1413		1909		30071		3331
1414		1909		30071		3331
1415		1909		30071		3331
1416		1909		30071		3331
1417		1909		30071		3331
1418		1909		30071		3331
1419		1909		30071		3331
1420		1909		30071		3331
1421		1909		30071		3331
1422		1909		30071		3331
1423		1909		30071		3331
1424		1909		30071		3331
1425		1909		30071		3331
1426		1909		30071		3331
1427		1909		30071		3331
1428		1909		30071		3331
1429		1909		30071		3331
1430		1909		30071		3331
1431		1909		30071		3331
1432		1909		30071		3331
1433		1909		30071		3331
1434		1909		30071		3331
1435		1909		30071		3331
1436		1909		30071		3331
1437		1909		30071		3331
1438		1909		30071		3331
1439		1909		30071		3331
1440		1909		30071		3331
1441		1909		30071		3331
1442		1909		30071		3331
1443		1909		30071		3331
1444		1909		30071		3331
1445		1909		30071		3331
1446		1909		30071		3331
1447		1909		30071		3331
1448		1909		30071		3331
1449		1909		30071		3331
1450		1909		30071		3331
1451		1909		30071		3331
1452		1909		30071		3331
1453		1909		30071		3331
1454		1909		30071		3331
1455		1909		30071		3331
1456		1909		30071		3331
1457		1909		30071		3331
1458		1909		30071		3331
1459		1909		30071		3331
1460		1909		30071		3331
1461		1909		30071		3331
1462		1909		30071		3331
1463		1909		30071		3331
1464		1909		30071		3331
1465		1909		30071		3331
1466		1909		30071		3331
1467		1909		30071		3331
1468		1909		30071		3331
1469		1909		30071		3331
1470		1909		30071		3331
1471		1909		30071		3331
1472		1909		30071		3331
1473		1909		30071		3331
1474		1909		30071		3331
1475		1909		30071		3331
1476		1909		30071		3331
1477		1909		30071		3331
1478		1909		30071		3331
1479		1909		30071		3331
1480		1909		30071		3331
1481		1909		30071		3331
1482		1909		30071		3331
1483		1909		30071		3331
1484		1909		30071		3331
1485		1909		30071		3331
1486		1909		30071		3331
1487		1909		30071		3331
1488		1909		30071		3331
1489		1909		30071		3331
1490		1909		30071		3331
1491		1909		30071		3331
1492		1909		30071		3331
1493		1909		30071		3331
1494		1909		30071		3331
1495		1909		30071		3331
1496		1909		30071		3331
1497		1909		30071		3331
1498		1909		30071		3331
1499		1909		30071		3331
1500		1909		30071		3331
1501		1909		30071		3331
1502		1909		30071		3331
1503		1909		30071		3331
1504		1909		30071		3331
1505		1909		30071		3331
1506		1909		30071		3331
1507		1909		30071		3331
1508		1909		30071		3331
1509		1909		30071		3331
1510		1909		30071		3331
1511		1909		30071		3331
1512		1909		30071		3331
1513		1909		30071		3331
1514		1909		30071		3331
1515		1909		30071		3331
1516		1909		30071		3331
1517		1909		30071		3331
1518		1909		30071		3331
1519		1909		30071		3331
1520		1909		30071		3331
1521		1909		30071		3331
1522		1909		30071		3331
1523		1909		30071		3331
1524		1909		30071		3331
1525		1909		30071		3331
1526		1909		30071		3331
1527		1909		30071		3331
1528		1909		30071		3331
1529		1909		30071		3331
1530		1909		30071		3331
1531		1909		30071		3331
1532		1909		30071		3331
1533		1909		30071		3331
1534		1909		30071		3331
1535		1909		30071		3331
1536		1909		30071		3331
1537		1909		30071		3331
1538		1909		30071		3331
1539		1909		30071		3331
1540		1909		30071		3331
1541		1909		30071		3331
1542		1909		30071		3331
1543		1909		30071		3331
1544		1909		30071		3331
1545		1909		30071		3331
1546		1909		30071		3331
1547		1909		30071		3331
1548		1909		30071		3331
1549		1909		30071		3331
1550		1909		30071		3331
1551		1909		30071		3331
1552		1909		30071		3331
1553		1909		30071		3331
1554		1909		30071		3331
1555		1909		30071		3331
1556		1909		30071		3331
1557		1909		30071		3331
1558		1909		30071		3331
1559		1909		30071		3331
1560		1909		30071		3331
1561		1909		30071		3331
1562		1909		30071		3331
1563		1909		30071		3331
1564		1909		30071		3331
1565		1909		30071		3331
1566		1909		30071		3331
1567		1909		30071		3331
1568		1909		30071		3331
1569		1909		30071		3331
1570		1909		30071		3331
1571		1909		30071		3331
1572		1909		30071		3331
1573		1909		30071		3331
1574		1909		30071		3331
1575		1909		30071		3331
1576		1909		30071		3331
1577		1909		30071		3331
1578		1909		30071		3331
1579		1909		30071		3331
1580		1909		30071		3331
1581		1909		30071		3331
1582		1909		30071		3331
1583		1909		30071		3331
1584		1909		30071		3331
1585		1909		30071		3331
1586		1909		30071		3331
1587		1909		30071		3331
1588		1909		30071		3331
1589		1909		30071		3331
1590		1909		30071		3331
1591		1909		30071		3331
1592		1909		30071		3331
1593		1909		30071		3331
1594		1909		30071		3331
1595		1909		30071		3331
1596		1909		30071		3331
1597		1909		30071		3331
1598		1909		30071		3331
1599		1909		30071		3331
1600		1909		30071		3331
1601		1909		30071		3331
1602		1909		30071		3331
1603		1909		30071		3331
1604		1909		30071		3331
1605		1909		30071		3331
1606		1909		30071		3331
1607		1909		30071		3331
1608		1909		30071		3331
1609		1909		30071		3331
1610		1909		30071		3331
1611		1909		30071		3331
1612		1909		30071		3331
1613		1909		30071		3331
1614		1909		30071		3331
1615		1909		30071		3331
1616		1909		30071		3331
1617		1909		30071		3331
1618		1909		30071		3331
1619		1909		30071		3331
1620		1909		30071		3331
1621		1909		30071		3331
1622		1909		30071		3331
1623		1909		30071		3331
1624		1909		30071		3331
1625		1909		30071		3331
1626		1909		30071		3331
1627		1909		30071		3331
1628		1909		30071		3331
1629		1909		30071		3331
1630		1909		30071		3331
1631		1909		30071		3331
1632		1909		30071		3331
1633		1909		30071		3331
1634		1909		30071		3331
1635		1909		30071		3331
1636		1909		30071		3331
1637		1909		30071		3331
1638		1909		30071		3331
1639		1909		30071		3331
1640		1909		30071		3331
1641		1909		30071		3331
1642		1909		30071		3331
1643		1909		30071		3331
1644		1909		30071		3331
1645		1909		30071		3331
1646		1909		30071		3331
1647		1909		30071		3331
1648		1909		30071		3331
1649		1909		30071		3331
1650		1909		30071		3331
1651		1909		30071		3331
1652		1909		30071		3331
1653		1909		30071		3331
1654		1909		30071		3331
1655		1909		30071		3331
1656		1909		30071		3331
1657		1909		30071		3331
1658		1909		30071		3331
1659		1909		30071		3331
1660		1909		30071		3331
1661		1909		30071		3331
1662		1909		30071		3331
1663		1909		30071		3331
1664		1909		30071		3331
1665		1909		30071		3331
1666		1909		30071		3331
1667		1909		30071		3331
1668		1909		30071		3331
1669		1909		30071		3331
1670		1909		30071		3331
1671		1909		30071		3331
1672		1909		30071		3331
1673		1909		30071		3331
1674		1909		30071		3331
1675		1909		30071		3331
1676		1909		30071		3331
1677		1909		30071		3331
1678		1909		30071		3331
1679		1909		30071		3331
1680		1909		30071		3331
1681		1909		30071		3331
1682		1909		30071		3331
1683		1909		30071		3331
1684		1909		30071		3331
1685		1909		30071		3331
1686		1909		30071		3331
1687		1909		30071		3331
1688		1909		30071		3331
1689		1909		30071		3331
1690		1909		30071		3331
1691		1909		30071		3331
1692		1909		30071		3331
1693		1909		30071		3331
1694		1909		30071		3331
1695		1909		30071		3331
1696		1909		30071		3331
1697		1909		30071		3331
1698		1909		30071		3331
1699		1909		30071		3331
1700		1909		30071		3331
1701		1909		30071		3331
1702		1909		30071		3331
1703		1909		30071		3331
1704		1909		30071		3331
1705		1909		30071		3331
1706		1909		30071		3331
1707		1909		30071		3331
1708		1909		30071		3331
1709		1909		30071		3331
1710		1909		30071		3331
1711		1909		30071		3331
1712		1909		30071		3331
1713		1909		30071		3331
1714		1909		30071		3331
1715		1909		30071		3331
1716		1909		30071		3331
1717		1909		30071		3331
1718		1909		30071		3331
1719		1909		30071		3331
1720		1909		30071		3331
1721		1909		30071		3331
1722		1909		30071		3331
1723		1909		30071		3331
1724		1909		30071		3331
1725		1909		30071		3331
1726		1909		30071		3331
1727		1909		30071		3331
1728		1909		30071		3331
1729		1909		30071		3331
1730		1909		30071		3331
1731		1909		30071		3331
1732		1909		30071		3331
1733		1909		30071		3331
1734		1909		30071		3331
1735		1909		30071		3331
1736		1909		30071		3331
1737		1909		30071		3331
1738		1909		30071		3331
1739		1909		30071		3331
1740		1909		30071		3331
1741		1909		30071		3331
1742		1909		30071		3331
1743		1909		30071		3331
1744		1909		30071		3331
1745		1909		30071		3331
1746		1909		30071		3331
1747		1909		30071		3331
1748		1909		30071		3331
1749		1909		30071		3331
1750		1909		30071		3331
1751		1909		30071		3331
1752		1909		30071		3331
1753		1909		30071		3331
1754		1909		30071		3331
1755		1909		30071		3331
1756		1909		30071		3331
1757		1909		30071		3331
1758		1909		30071		3331
1759		1909		30071		3331
1760		1909		30071		3331
1761		1909		30071		3331
1762		1909		30071		3331
1763		1909		30071		3331
1764		1909		30071		3331
1765		1909		30071		3331
1766		1909		30071		3331
1767		1909		30071		3331
1768		1909		30071		3331
1769		1909		30071		3331
1770		1909		30071		3331
1771		1909		30071		3331
1772		1909		30071		3331
1773		1909		30071		3331
1774		1909		30071		3331
1775		1909		30071		3331
1776		1909		30071		3331
1777		1909		30071		3331
1778		1909		30071		3331
1779		1909		30071		3331
1780		1909		30071		3331
1781		1909		30071		3331
1782		1909		30071		3331
1783		1909		30071		3331
1784		1909		30071		3331
1785		1909		30071		3331
1786		1909		30071		3331
1787		1909		30071		3331
1788		1909		30071		3331
1789		1909		30071		3331
1790		1909		30071		3331
1791		1909		30071		3331
1792		1909		30071		3331
1793		1909		30071		3331
1794		1909		30071		3331
1795		1909		30071		3331
1796		1909		30071		3331
1797		1909		30071		3331
1798		1909		30071		3331
1799		1909		30071		3331
1800		1909		30071		3331
1801		1909		30071		3331
1802		1909		30071		3331
1803		1909		30071		3331
1804		1909		30071		3331
1805		1909		30071		3331
1806		1909		30071		3331
1807		1909		30071		3331
1808		1909		30071		3331
1809		1909		30071		3331
1810		1909		30071		3331
1811		1909		30071		3331
1812		1909		30071		3331
1813		1909		30071		3331
1814		1909		30071		3331
1815		1909		30071		3331
1816		1909		30071		3331
1817		1909		30071		3331
1818		1909		30071		3331
1819		1909		30071		3331
1820		1909		30071		3331
1821		1909		30071		3331
1822		1909		30071		3331
1823		1909		30071		3331
1824		1909		30071		3331
1825		1909		30071		3331
1826		1909		30071		3331
1827		1909		30071		3331
1828		1909		30071		3331
1829		1909		30071		3331
1830		1909		30071		3331
1831		1909		30071		3331
1832		1909		30071		3331
1833		1909		30071		3331
1834		1909		30071		3331
1835		1909		30071		3331
1836		1909		30071		3331
1837		1909		30071		3331
1838		1909		30071		3331
1839		1909		30071		3331
1840		1909		30071		3331
1841		1909		30071		3331
1842		1909		30071		3331
1843		1909		30071		3331
1844		1909		30071		3331
1845		1909		30071		3331
1846		1909		30071		3331
1847		1909		30071		3331
1848		1909		30071		3331
1849		1909		30071		3331
1850		1909		30071		3331
1851		1909		30071		3331
1852		1909		30071		3331
1853		1909		30071		3331
1854		1909		30071		3331
1855		1909		30071		3331
1856		1909		30071		3331
1857		1909		30071		3331
1858		1909		30071		3331
1859		1909		30071		3331
1860		1909		30071		3331
1861		1909		30071		3331
1862		1909		30071		3331
1863		1909		30071		3331
1864		1909		30071		3331
1865		1909		30071		3331
1866		1909		30071		3331
1867		1909		30071		3331
1868		1909		30071		3331
1869		1909		30071		3331
1870		1909		30071		3331
1871		1909		30071		3331
1872		1909		30071		3331
1873		1909		30071		3331
1874		1909		30071		3331
1875		1909		30071		3331
1876		1909		30071		3331
1877		1909		30071		3331
1878		1909		30071		3331
1879		1909		30071		3331
1880		1909		30071		3331
1881		1909		30071		3331
1882		1909		30071		3331
1883		1909		30071		3331
1884		1909		30071		3331
1885		1909		30071		3331
1886		1909		30071		3331
1887		1909		30071		3331
1888		1909		30071		3331
1889		1909		30071		3331
1890		1909		30071		3331
1891		1909		30071		3331
1892		1909		30071		3331
1893		1909		30071		3331
1894		1909		30071		3331
1895		1909		30071		3331
1896		1909		30071		3331
1897		1909		30071		3331
1898		1909		30071		3331
1899		1909		30071		3331
1900		1909		30071		3331
1901		1909		30071		3331
1902		1909		30071		3331
1903		1909		30071		3331
1904		1909		30071		3331
1905		1909		30071		3331
1906		1909		30071		3331
1907		1909		30071		3331
1908		1909		30071		3331
1909		1909		30071		3331
1910		1909		30071		3331
1911		1909		30071		3331
1912		1909		30071		3331
1913		1909		30071		3331
1914		1909		30071		3331
1915		1909		30071		3331
1916		1909		30071		3331
1917		1909		30071		3331
1918		1909		30071		3331
1919		1909		30071		3331
1920		1909		30071		3331
1921		1909		30071		3331
1922		1909		30071		3331
1923		1909		30071		3331
1924		1909		30071		3331
1925		1909		30071		3331
1926		1909		30071		3331
1927		1909		30071		3331
1928		1909		30071		3331
1929		1909		30071		3331
1930		1909		30071		3331
1931		1909		30071		3331
1932		1909		30071		3331
1933		1909		30071		3331
1934		1909		30071		3331
1935		1909		30071		3331
1936		1909		30071		3331
1937		1909		30071		3331
1938		1909		30071		3331
1939		1909		30071		3331
1940		1909		30071		3331
1941		1909		30071		3331
1942		1909		30071		3331
1943		1909		30071		3331
1944		1909		30071		3331
1945		1909		30071		3331
1946		1909		30071		3331
1947		1909		30071		3331
1948		1909		30071		3331
1949		1909		30071		3331
1950		1909		30071		3331
1951		1909		30071		3331
1952		1909		30071		3331
1953		1909		30071		3331
1954		1909		30071		3331
1955		1909		30071		3331
1956		1909		30071		3331
1957		1909		30071		3331
1958		1909		30071		3331
1959		1909		30071		3331
1960		1909		30071		3331
1961		1909		30071		3331
1962		1909		30071		3331
1963		1909		30071		3331
1964		1909		30071		3331
1965		1909		30071		3331
1966		1909		30071		3331
1967		1909		30071		3331
1968		1909		30071		3331
1969		1909		30071		3331
1970		1909		30071		3331
1971		1909		30071		3331
1972		1909		30071		3331
1973		1909		30071		3331
1974		1909		30071		3331
1975		1909		30071		3331
1976		1909		30071		3331
1977		1909		30071		3331
1978		1909		30071		3331
1979		1909		30071		3331
1980		1909		30071		3331
1981		1909		30071		3331
1982		1909		30071		3331
1983		1909		30071		3331
1984		1909		30071		3331
1985		1909		30071		3331
1986		1909		30071		3331
1987		1909		30071		3331
1988		1909		30071		3331
1989		1909		30071		3331
1990		1909		30071		3331
1991		1909		30071		3331
1992		1909		30071		3331
1993		1909		30071		3331
1994		1909		30071		3331
1995		1909		30071		3331
1996		1909		30071		3331
1997		1909		30071		3331
1998		1909		30071		3331
1999		1909		30071		3331
