# Migration is number of nodes that have changed color.

Round		Edge-Cut		Swaps		Migrations		Skipped
0		8334		3851		3072
1		7094		6686		3138
2		6887		11405		3141
3		6062		13581		3190
4		5478		15226		3181
5		4957		16581		3220
6		4637		17672		3218
7		4390		18652		3234
8		4168		19516		3252
9		3979		20329		3263
10		3751		20967		3274
11		3661		21523		3271
12		3570		22070		3300
13		3463		22586		3286
14		3388		23081		3295
15		3254		23535		3297
16		3191		23938		3272
17		3149		24281		3275
18		3058		24617		3282
19		3005		24893		3272
20		2968		25167		3278
21		2932		25462		3280
22		2885		25709		3282
23		2856		25958		3304
24		2821		26164		3288
25		2777		26335		3285
26		2753		26495		3299
27		2762		26680		3297
28		2715		26852		3297
29		2703		27009		3311
30		2680		27107		3305
31		2664		27222		3295
32		2647		27329		3289
33		2616		27409		3286
34		2594		27509		3296
35		2590		27595		3290
36		2567		27695		3293
37		2557		27774		3288
38		2523		27843		3289
39		2522		27911		3283
40		2516		27991		3292
41		2516		28059		3290
42		2506		28149		3293
43		2512		28235		3282
44		2495		28350		3290
45		2478		28426		3286
46		2478		28519		3283
47		2463		28609		3276
48		2462		28655		3279
49		2448		28700		3282
50		2446		28743		3283
51		2439		28786		3291
52		2427		28835		3293
53		2427		28869		3294
54		2420		28927		3291
55		2410		28975		3292
56		2401		29013		3290
57		2402		29054		3294
58		2393		29092		3286
59		2392		29127		3288
60		2389		29169		3291
61		2383		29206		3289
62		2381		29255		3290
63		2382		29299		3296
64		2379		29352		3301
65		2372		29399		3308
66		2371		29447		3301
67		2368		29504		3304
68		2367		29561		3300
69		2352		29619		3302
70		2347		29668		3299
71		2341		29748		3301
72		2333		29793		3306
73		2328		29830		3305
74		2322		29868		3306
75		2322		29913		3312
76		2317		29949		3311
77		2315		30003		3314
78		2307		30043		3314
79		2303		30091		3320
80		2298		30124		3322
81		2298		30171		3312
82		2291		30211		3321
83		2293		30235		3320
84		2287		30268		3324
85		2278		30288		3319
86		2277		30320		3324
87		2271		30334		3322
88		2268		30353		3323
89		2265		30374		3325
90		2260		30394		3325
91		2259		30425		3320
92		2255		30463		3321
93		2260		30500		3318
94		2254		30533		3326
95		2247		30559		3324
96		2245		30576		3326
97		2235		30599		3325
98		2230		30628		3326
99		2236		30652		3324
100		2233		30671		3323
101		2229		30691		3324
102		2270		35403		3324
103		2253		35497		3326
104		2260		35547		3318
105		2245		35598		3325
106		2245		35655		3322
107		2243		35717		3318
108		2234		35765		3329
109		2232		35821		3324
110		2228		35888		3329
111		2224		35940		3333
112		2216		35990		3331
113		2199		36039		3334
114		2200		36071		3338
115		2191		36105		3335
116		2188		36141		3334
117		2187		36180		3331
118		2190		36227		3337
119		2177		36272		3338
120		2158		36298		3343
121		2166		36330		3341
122		2160		36361		3337
123		2162		36398		3338
124		2159		36452		3339
125		2162		36482		3332
126		2173		36546		3340
127		2180		36594		3331
128		2171		36647		3335
129		2161		36710		3329
130		2146		36752		3322
131		2143		36796		3325
132		2147		36832		3328
133		2144		36866		3327
134		2136		36909		3327
135		2118		36960		3328
136		2119		37006		3331
137		2106		37056		3329
138		2112		37095		3329
139		2103		37139		3327
140		2084		37179		3330
141		2087		37225		3331
142		2075		37254		3336
143		2074		37281		3337
144		2071		37315		3344
145		2063		37361		3345
146		2061		37382		3348
147		2050		37402		3350
148		2049		37410		3349
149		2051		37434		3350
150		2044		37448		3349
151		2039		37461		3348
152		2038		37469		3350
153		2030		37484		3350
154		2028		37495		3351
155		2029		37500		3345
156		2026		37506		3348
157		2025		37511		3347
158		2025		37518		3346
159		2024		37522		3348
160		2027		37530		3348
161		2027		37533		3350
162		2024		37542		3344
163		2020		37555		3348
164		2019		37567		3345
165		2013		37575		3349
166		2010		37578		3351
167		2011		37579		3352
168		2011		37579		3352
169		2008		37581		3351
170		2008		37581		3351
171		2009		37582		3352
172		2010		37585		3353
173		2010		37588		3352
174		2009		37592		3353
175		2009		37596		3353
176		2009		37599		3353
177		2009		37603		3353
178		2009		37607		3352
179		2011		37614		3354
180		2007		37616		3352
181		2008		37619		3351
182		2008		37622		3351
183		2007		37624		3352
184		2005		37627		3352
185		2005		37627		3352
186		2005		37627		3352
187		2005		37627		3352
188		2005		37627		3352
189		2005		37627		3352
190		2005		37627		3352
191		2005		37627		3352
192		2005		37627		3352
193		2005		37627		3352
194		2005		37627		3352
195		2005		37627		3352
196		2005		37627		3352
197		2005		37627		3352
198		2005		37627		3352
199		2005		37627		3352
200		2005		37627		3352
201		2005		37627		3352
202		2031		42341		3352
203		2020		42398		3349
204		2022		42413		3353
205		2015		42426		3353
206		2013		42440		3352
207		2011		42450		3348
208		2009		42458		3348
209		2007		42464		3350
210		2007		42467		3350
211		2005		42469		3351
212		2003		42473		3352
213		2003		42477		3352
214		2003		42481		3352
215		2002		42486		3353
216		2002		42490		3353
217		2002		42494		3353
218		2002		42497		3352
219		2001		42503		3354
220		2003		42505		3353
221		2004		42508		3352
222		2004		42511		3352
223		2003		42515		3353
224		2002		42516		3354
225		2001		42522		3355
226		2003		42526		3354
227		2004		42531		3353
228		2003		42534		3354
229		2001		42541		3354
230		2001		42549		3357
231		2004		42551		3357
232		2003		42554		3355
233		2002		42556		3358
234		2002		42559		3358
235		2003		42561		3356
236		2002		42564		3358
237		2003		42565		3356
238		2002		42567		3358
239		2002		42574		3356
240		2003		42576		3355
241		2000		42581		3357
242		2000		42586		3355
243		2001		42592		3353
244		2001		42595		3354
245		2006		42604		3354
246		2006		42616		3351
247		2003		42624		3355
248		2003		42629		3354
249		2006		42637		3355
250		2006		42643		3356
251		2004		42654		3357
252		2011		42664		3358
253		2007		42681		3356
254		2003		42697		3354
255		1999		42706		3354
256		1999		42717		3357
257		1998		42722		3358
258		2000		42736		3356
259		2001		42741		3358
260		2001		42746		3357
261		1998		42752		3356
262		1999		42756		3356
263		2000		42763		3355
264		1998		42778		3358
265		1998		42781		3357
266		1999		42786		3358
267		1999		42793		3358
268		1998		42796		3358
269		1995		42799		3354
270		1996		42802		3353
271		1996		42804		3353
272		1992		42805		3354
273		1992		42805		3354
274		1992		42805		3354
275		1992		42805		3354
276		1992		42805		3354
277		1992		42805		3354
278		1992		42805		3354
279		1992		42805		3354
280		1992		42805		3354
281		1992		42805		3354
282		1992		42805		3354
283		1992		42805		3354
284		1992		42805		3354
285		1992		42805		3354
286		1992		42805		3354
287		1992		42805		3354
288		1992		42805		3354
289		1992		42805		3354
290		1992		42805		3354
291		1992		42805		3354
292		1992		42805		3354
293		1992		42805		3354
294		1992		42805		3354
295		1992		42805		3354
296		1992		42805		3354
297		1992		42805		3354
298		1992		42805		3354
299		1992		42805		3354
300		1992		42805		3354
301		1992		42805		3354
302		2023		47522		3350
303		2018		47583		3351
304		2009		47624		3349
305		2010		47647		3355
306		2010		47671		3354
307		2012		47695		3356
308		2012		47720		3354
309		2009		47743		3351
310		2009		47763		3351
311		2003		47780		3350
312		1993		47797		3352
313		1996		47806		3353
314		1994		47825		3348
315		1987		47844		3350
316		1988		47868		3351
317		1988		47886		3354
318		1978		47920		3353
319		1980		47940		3352
320		1976		47955		3350
321		1972		47975		3355
322		1970		47990		3353
323		1967		48003		3358
324		1970		48014		3359
325		1970		48022		3356
326		1964		48045		3353
327		1960		48059		3354
328		1958		48067		3354
329		1957		48070		3354
330		1949		48075		3356
331		1949		48075		3356
332		1947		48076		3357
333		1947		48076		3357
334		1947		48076		3357
335		1947		48076		3357
336		1947		48076		3357
337		1947		48076		3357
338		1945		48078		3358
339		1945		48079		3358
340		1946		48083		3358
341		1944		48085		3359
342		1944		48088		3359
343		1944		48089		3359
344		1942		48090		3360
345		1942		48090		3360
346		1942		48090		3360
347		1942		48090		3360
348		1942		48090		3360
349		1942		48090		3360
350		1942		48090		3360
351		1942		48090		3360
352		1942		48090		3360
353		1942		48090		3360
354		1942		48090		3360
355		1942		48090		3360
356		1942		48090		3360
357		1942		48090		3360
358		1942		48090		3360
359		1942		48090		3360
360		1942		48090		3360
361		1942		48090		3360
362		1942		48090		3360
363		1942		48090		3360
364		1942		48090		3360
365		1942		48090		3360
366		1942		48090		3360
367		1942		48090		3360
368		1942		48090		3360
369		1942		48090		3360
370		1942		48090		3360
371		1942		48090		3360
372		1942		48090		3360
373		1942		48090		3360
374		1942		48090		3360
375		1942		48090		3360
376		1942		48090		3360
377		1942		48090		3360
378		1942		48090		3360
379		1942		48090		3360
380		1942		48090		3360
381		1942		48090		3360
382		1942		48090		3360
383		1942		48090		3360
384		1942		48090		3360
385		1942		48090		3360
386		1942		48090		3360
387		1942		48090		3360
388		1942		48090		3360
389		1942		48090		3360
390		1942		48090		3360
391		1942		48090		3360
392		1942		48090		3360
393		1942		48090		3360
394		1942		48090		3360
395		1942		48090		3360
396		1942		48090		3360
397		1942		48090		3360
398		1942		48090		3360
399		1942		48090		3360
400		1942		48090		3360
401		1942		48090		3360
402		1967		52809		3359
403		1955		52855		3363
404		1955		52871		3358
405		1953		52884		3361
406		1950		52890		3361
407		1948		52899		3361
408		1948		52908		3359
409		1951		52914		3363
410		1949		52924		3360
411		1951		52931		3360
412		1949		52940		3360
413		1949		52947		3362
414		1948		52951		3358
415		1950		52967		3362
416		1949		52981		3357
417		1949		52992		3361
418		1946		53007		3361
419		1952		53024		3358
420		1952		53040		3358
421		1953		53053		3358
422		1957		53073		3358
423		1952		53091		3359
424		1949		53116		3359
425		1945		53134		3363
426		1943		53151		3359
427		1945		53162		3359
428		1936		53180		3364
429		1933		53186		3363
430		1931		53191		3360
431		1932		53193		3361
432		1933		53194		3362
433		1931		53197		3360
434		1928		53200		3360
435		1927		53201		3361
436		1926		53210		3362
437		1927		53212		3362
438		1927		53215		3362
439		1921		53219		3359
440		1921		53224		3359
441		1921		53227		3355
442		1922		53230		3356
443		1918		53232		3355
444		1919		53234		3356
445		1920		53236		3357
446		1921		53240		3359
447		1920		53242		3358
448		1919		53243		3357
449		1919		53243		3357
450		1918		53244		3358
451		1918		53246		3358
452		1918		53247		3357
453		1916		53249		3358
454		1916		53250		3359
455		1914		53253		3359
456		1912		53256		3359
457		1912		53257		3359
458		1913		53258		3360
459		1914		53259		3359
460		1914		53260		3360
461		1913		53261		3360
462		1913		53263		3360
463		1914		53268		3358
464		1910		53269		3359
465		1910		53269		3359
466		1910		53269		3359
467		1910		53269		3359
468		1910		53269		3359
469		1910		53269		3359
470		1910		53269		3359
471		1910		53269		3359
472		1910		53269		3359
473		1910		53269		3359
474		1910		53269		3359
475		1910		53269		3359
476		1910		53269		3359
477		1910		53269		3359
478		1910		53269		3359
479		1910		53269		3359
480		1910		53269		3359
481		1910		53269		3359
482		1910		53269		3359
483		1910		53269		3359
484		1910		53269		3359
485		1910		53269		3359
486		1910		53269		3359
487		1910		53269		3359
488		1910		53269		3359
489		1910		53269		3359
490		1910		53269		3359
491		1910		53269		3359
492		1910		53269		3359
493		1910		53269		3359
494		1910		53269		3359
495		1910		53269		3359
496		1910		53269		3359
497		1910		53269		3359
498		1910		53269		3359
499		1910		53269		3359
500		1910		53269		3359
501		1910		53269		3359
502		1928		57985		3354
503		1919		58027		3353
504		1916		58034		3354
505		1919		58039		3352
506		1915		58047		3357
507		1917		58050		3358
508		1913		58058		3357
509		1914		58061		3357
510		1911		58067		3358
511		1912		58068		3358
512		1912		58070		3358
513		1914		58076		3357
514		1912		58079		3358
515		1911		58082		3359
516		1911		58082		3359
517		1912		58085		3359
518		1911		58086		3357
519		1912		58087		3359
520		1909		58089		3360
521		1909		58089		3360
522		1909		58089		3360
523		1910		58090		3360
524		1908		58091		3358
525		1908		58091		3358
526		1908		58091		3358
527		1908		58091		3358
528		1908		58091		3358
529		1908		58091		3358
530		1908		58091		3358
531		1908		58091		3358
532		1908		58091		3358
533		1908		58091		3358
534		1908		58091		3358
535		1908		58091		3358
536		1908		58091		3358
537		1908		58091		3358
538		1908		58091		3358
539		1908		58091		3358
540		1908		58091		3358
541		1908		58091		3358
542		1908		58091		3358
543		1908		58091		3358
544		1908		58091		3358
545		1908		58091		3358
546		1908		58091		3358
547		1908		58091		3358
548		1908		58091		3358
549		1908		58091		3358
550		1908		58091		3358
551		1908		58091		3358
552		1908		58091		3358
553		1908		58091		3358
554		1908		58091		3358
555		1908		58091		3358
556		1908		58091		3358
557		1908		58091		3358
558		1908		58091		3358
559		1908		58091		3358
560		1908		58091		3358
561		1908		58091		3358
562		1908		58091		3358
563		1908		58091		3358
564		1908		58091		3358
565		1908		58091		3358
566		1908		58091		3358
567		1908		58091		3358
568		1908		58091		3358
569		1908		58091		3358
570		1908		58091		3358
571		1908		58091		3358
572		1908		58091		3358
573		1908		58091		3358
574		1908		58091		3358
575		1908		58091		3358
576		1908		58091		3358
577		1908		58091		3358
578		1908		58091		3358
579		1908		58091		3358
580		1908		58091		3358
581		1908		58091		3358
582		1908		58091		3358
583		1908		58091		3358
584		1908		58091		3358
585		1908		58091		3358
586		1908		58091		3358
587		1908		58091		3358
588		1908		58091		3358
589		1908		58091		3358
590		1908		58091		3358
591		1908		58091		3358
592		1908		58091		3358
593		1908		58091		3358
594		1908		58091		3358
595		1908		58091		3358
596		1908		58091		3358
597		1908		58091		3358
598		1908		58091		3358
599		1908		58091		3358
600		1908		58091		3358
601		1908		58091		3358
602		1937		62804		3356
603		1924		62852		3360
604		1924		62868		3356
605		1919		62879		3352
606		1917		62891		3356
607		1917		62896		3355
608		1915		62901		3355
609		1914		62907		3353
610		1914		62911		3357
611		1914		62913		3356
612		1913		62914		3356
613		1912		62917		3355
614		1912		62918		3356
615		1912		62918		3356
616		1911		62919		3356
617		1911		62921		3356
618		1912		62923		3355
619		1911		62926		3355
620		1911		62927		3357
621		1908		62931		3355
622		1908		62931		3355
623		1908		62931		3355
624		1908		62931		3355
625		1908		62931		3355
626		1908		62931		3355
627		1908		62931		3355
628		1908		62931		3355
629		1908		62931		3355
630		1908		62931		3355
631		1908		62931		3355
632		1908		62931		3355
633		1908		62931		3355
634		1908		62931		3355
635		1908		62931		3355
636		1908		62931		3355
637		1908		62931		3355
638		1908		62931		3355
639		1908		62931		3355
640		1908		62931		3355
641		1908		62931		3355
642		1908		62931		3355
643		1908		62931		3355
644		1908		62931		3355
645		1908		62931		3355
646		1908		62931		3355
647		1908		62931		3355
648		1908		62931		3355
649		1908		62931		3355
650		1908		62931		3355
651		1908		62931		3355
652		1908		62931		3355
653		1908		62931		3355
654		1908		62931		3355
655		1908		62931		3355
656		1908		62931		3355
657		1908		62931		3355
658		1908		62931		3355
659		1908		62931		3355
660		1908		62931		3355
661		1908		62931		3355
662		1908		62931		3355
663		1908		62931		3355
664		1908		62931		3355
665		1908		62931		3355
666		1908		62931		3355
667		1908		62931		3355
668		1908		62931		3355
669		1908		62931		3355
670		1908		62931		3355
671		1908		62931		3355
672		1908		62931		3355
673		1908		62931		3355
674		1908		62931		3355
675		1908		62931		3355
676		1908		62931		3355
677		1908		62931		3355
678		1908		62931		3355
679		1908		62931		3355
680		1908		62931		3355
681		1908		62931		3355
682		1908		62931		3355
683		1908		62931		3355
684		1908		62931		3355
685		1908		62931		3355
686		1908		62931		3355
687		1908		62931		3355
688		1908		62931		3355
689		1908		62931		3355
690		1908		62931		3355
691		1908		62931		3355
692		1908		62931		3355
693		1908		62931		3355
694		1908		62931		3355
695		1908		62931		3355
696		1908		62931		3355
697		1908		62931		3355
698		1908		62931		3355
699		1908		62931		3355
700		1908		62931		3355
701		1908		62931		3355
702		1930		67649		3358
703		1926		67692		3356
704		1924		67705		3357
705		1918		67714		3357
706		1918		67718		3358
707		1917		67730		3355
708		1918		67738		3354
709		1918		67752		3355
710		1921		67760		3352
711		1923		67768		3354
712		1923		67775		3352
713		1918		67787		3355
714		1920		67791		3358
715		1922		67797		3356
716		1919		67806		3358
717		1921		67813		3358
718		1921		67817		3356
719		1924		67831		3357
720		1924		67850		3356
721		1919		67860		3356
722		1918		67863		3358
723		1918		67873		3355
724		1916		67877		3356
725		1919		67882		3356
726		1917		67893		3357
727		1915		67907		3354
728		1915		67911		3354
729		1916		67914		3355
730		1915		67917		3356
731		1915		67922		3355
732		1914		67928		3356
733		1912		67933		3356
734		1911		67938		3356
735		1911		67938		3356
736		1910		67939		3356
737		1910		67941		3355
738		1910		67945		3355
739		1909		67946		3355
740		1909		67948		3356
741		1909		67948		3356
742		1908		67949		3355
743		1908		67949		3355
744		1908		67949		3355
745		1908		67949		3355
746		1908		67949		3355
747		1908		67949		3355
748		1908		67949		3355
749		1908		67949		3355
750		1908		67949		3355
751		1908		67949		3355
752		1908		67951		3355
753		1909		67956		3354
754		1908		67958		3355
755		1907		67960		3355
756		1907		67960		3355
757		1907		67960		3355
758		1907		67960		3355
759		1907		67960		3355
760		1907		67960		3355
761		1907		67960		3355
762		1907		67960		3355
763		1907		67960		3355
764		1907		67960		3355
765		1907		67960		3355
766		1907		67960		3355
767		1907		67960		3355
768		1907		67960		3355
769		1907		67960		3355
770		1907		67960		3355
771		1907		67960		3355
772		1907		67960		3355
773		1907		67960		3355
774		1907		67960		3355
775		1907		67960		3355
776		1907		67960		3355
777		1907		67960		3355
778		1907		67960		3355
779		1907		67960		3355
780		1907		67960		3355
781		1907		67960		3355
782		1907		67960		3355
783		1907		67960		3355
784		1907		67960		3355
785		1905		67961		3355
786		1905		67961		3355
787		1905		67961		3355
788		1905		67961		3355
789		1905		67961		3355
790		1905		67961		3355
791		1905		67961		3355
792		1905		67961		3355
793		1905		67961		3355
794		1905		67961		3355
795		1905		67961		3355
796		1905		67961		3355
797		1905		67961		3355
798		1905		67961		3355
799		1905		67961		3355
800		1905		67961		3355
801		1905		67961		3355
802		1926		72678		3356
803		1920		72723		3357
804		1919		72735		3358
805		1912		72743		3360
806		1908		72753		3358
807		1908		72753		3358
808		1907		72755		3357
809		1905		72756		3358
810		1905		72756		3358
811		1905		72756		3358
812		1905		72756		3358
813		1905		72756		3358
814		1905		72756		3358
815		1905		72756		3358
816		1905		72756		3358
817		1905		72756		3358
818		1905		72756		3358
819		1905		72756		3358
820		1905		72756		3358
821		1905		72756		3358
822		1905		72756		3358
823		1905		72756		3358
824		1905		72756		3358
825		1905		72756		3358
826		1905		72756		3358
827		1905		72756		3358
828		1905		72756		3358
829		1905		72756		3358
830		1904		72757		3358
831		1904		72757		3358
832		1904		72757		3358
833		1904		72757		3358
834		1904		72757		3358
835		1904		72757		3358
836		1904		72757		3358
837		1904		72757		3358
838		1904		72757		3358
839		1904		72757		3358
840		1904		72757		3358
841		1904		72757		3358
842		1904		72757		3358
843		1904		72757		3358
844		1904		72757		3358
845		1904		72757		3358
846		1904		72757		3358
847		1904		72757		3358
848		1904		72757		3358
849		1904		72757		3358
850		1904		72757		3358
851		1904		72757		3358
852		1904		72757		3358
853		1904		72757		3358
854		1904		72757		3358
855		1904		72757		3358
856		1904		72757		3358
857		1904		72757		3358
858		1904		72757		3358
859		1904		72757		3358
860		1904		72757		3358
861		1904		72757		3358
862		1904		72757		3358
863		1904		72757		3358
864		1904		72757		3358
865		1904		72757		3358
866		1904		72757		3358
867		1904		72757		3358
868		1904		72757		3358
869		1904		72757		3358
870		1904		72757		3358
871		1904		72757		3358
872		1904		72757		3358
873		1904		72757		3358
874		1904		72757		3358
875		1904		72757		3358
876		1904		72757		3358
877		1904		72757		3358
878		1904		72757		3358
879		1904		72757		3358
880		1904		72757		3358
881		1904		72757		3358
882		1904		72757		3358
883		1904		72757		3358
884		1904		72757		3358
885		1904		72757		3358
886		1904		72757		3358
887		1904		72757		3358
888		1904		72757		3358
889		1904		72757		3358
890		1904		72757		3358
891		1904		72757		3358
892		1904		72757		3358
893		1904		72757		3358
894		1904		72757		3358
895		1904		72757		3358
896		1904		72757		3358
897		1904		72757		3358
898		1904		72757		3358
899		1904		72757		3358
900		1904		72757		3358
901		1904		72757		3358
902		1932		77474		3359
903		1928		77534		3360
904		1918		77554		3357
905		1912		77574		3363
906		1912		77587		3362
907		1914		77599		3359
908		1911		77614		3359
909		1909		77627		3362
910		1912		77645		3364
911		1904		77660		3364
912		1903		77671		3365
913		1900		77688		3363
914		1902		77701		3363
915		1900		77720		3368
916		1901		77730		3369
917		1897		77746		3364
918		1893		77762		3363
919		1893		77783		3365
920		1888		77800		3365
921		1887		77811		3367
922		1885		77825		3367
923		1887		77846		3368
924		1886		77858		3366
925		1883		77867		3364
926		1884		77883		3364
927		1882		77899		3364
928		1881		77920		3367
929		1882		77930		3367
930		1878		77942		3370
931		1879		77956		3369
932		1876		77966		3371
933		1874		77971		3370
934		1873		77978		3370
935		1874		77983		3366
936		1871		77998		3365
937		1872		78008		3367
938		1870		78012		3368
939		1871		78017		3369
940		1868		78023		3368
941		1871		78027		3368
942		1873		78030		3369
943		1869		78035		3368
944		1868		78037		3368
945		1867		78042		3370
946		1861		78045		3369
947		1861		78045		3369
948		1861		78045		3369
949		1861		78045		3369
950		1861		78045		3369
951		1859		78046		3369
952		1859		78046		3369
953		1859		78046		3369
954		1859		78046		3369
955		1859		78046		3369
956		1859		78046		3369
957		1859		78046		3369
958		1859		78046		3369
959		1859		78046		3369
960		1859		78046		3369
961		1859		78046		3369
962		1859		78046		3369
963		1859		78046		3369
964		1859		78046		3369
965		1859		78046		3369
966		1859		78046		3369
967		1859		78046		3369
968		1859		78046		3369
969		1859		78046		3369
970		1859		78046		3369
971		1859		78046		3369
972		1859		78046		3369
973		1859		78046		3369
974		1859		78046		3369
975		1859		78046		3369
976		1859		78046		3369
977		1859		78046		3369
978		1859		78046		3369
979		1859		78046		3369
980		1859		78046		3369
981		1859		78046		3369
982		1859		78046		3369
983		1859		78046		3369
984		1859		78046		3369
985		1859		78046		3369
986		1859		78046		3369
987		1859		78046		3369
988		1859		78046		3369
989		1859		78046		3369
990		1859		78046		3369
991		1859		78046		3369
992		1859		78046		3369
993		1859		78046		3369
994		1859		78046		3369
995		1859		78046		3369
996		1859		78046		3369
997		1859		78046		3369
998		1859		78046		3369
999		1859		78046		3369
1000		1859		78046		3369
1001		1859		78046		3369
1002		1878		82763		3366
1003		1874		82806		3366
1004		1872		82820		3371
1005		1878		82844		3370
1006		1871		82867		3377
1007		1871		82878		3375
1008		1870		82887		3378
1009		1865		82901		3375
1010		1867		82909		3376
1011		1864		82926		3372
1012		1863		82941		3373
1013		1860		82963		3372
1014		1856		82980		3374
1015		1857		82991		3374
1016		1857		83001		3374
1017		1855		83017		3373
1018		1859		83027		3375
1019		1857		83037		3376
1020		1856		83043		3376
1021		1850		83052		3375
1022		1849		83057		3378
1023		1847		83062		3378
1024		1848		83065		3378
1025		1844		83070		3378
1026		1842		83076		3374
1027		1842		83078		3374
1028		1840		83081		3377
1029		1839		83086		3378
1030		1838		83089		3378
1031		1838		83091		3381
1032		1836		83094		3380
1033		1834		83097		3378
1034		1833		83098		3379
1035		1834		83099		3379
1036		1831		83103		3377
1037		1831		83103		3377
1038		1829		83107		3375
1039		1833		83114		3375
1040		1832		83123		3375
1041		1827		83131		3373
1042		1825		83135		3371
1043		1826		83139		3373
1044		1825		83142		3372
1045		1824		83146		3371
1046		1824		83147		3370
1047		1824		83148		3371
1048		1824		83149		3370
1049		1824		83149		3370
1050		1824		83151		3370
1051		1826		83153		3370
1052		1828		83158		3370
1053		1825		83160		3370
1054		1826		83161		3370
1055		1826		83164		3370
1056		1822		83166		3370
1057		1822		83166		3370
1058		1822		83166		3370
1059		1822		83166		3370
1060		1822		83166		3370
1061		1822		83166		3370
1062		1822		83166		3370
1063		1822		83166		3370
1064		1822		83166		3370
1065		1822		83166		3370
1066		1822		83166		3370
1067		1822		83166		3370
1068		1822		83166		3370
1069		1822		83166		3370
1070		1822		83166		3370
1071		1822		83166		3370
1072		1822		83166		3370
1073		1822		83166		3370
1074		1822		83166		3370
1075		1822		83166		3370
1076		1822		83166		3370
1077		1822		83166		3370
1078		1822		83166		3370
1079		1822		83166		3370
1080		1822		83166		3370
1081		1822		83166		3370
1082		1822		83166		3370
1083		1822		83166		3370
1084		1822		83166		3370
1085		1822		83166		3370
1086		1822		83166		3370
1087		1822		83166		3370
1088		1822		83166		3370
1089		1822		83166		3370
1090		1822		83166		3370
1091		1822		83166		3370
1092		1822		83166		3370
1093		1822		83166		3370
1094		1822		83166		3370
1095		1822		83166		3370
1096		1822		83166		3370
1097		1822		83166		3370
1098		1822		83166		3370
1099		1822		83166		3370
1100		1822		83166		3370
1101		1822		83166		3370
1102		1857		87883		3370
1103		1845		87941		3371
1104		1840		87961		3362
1105		1834		87974		3363
1106		1828		87984		3363
1107		1828		87999		3363
1108		1827		88006		3363
1109		1826		88011		3364
1110		1824		88015		3362
1111		1821		88016		3361
1112		1821		88016		3361
1113		1821		88016		3361
1114		1821		88016		3361
1115		1821		88016		3361
1116		1820		88017		3362
1117		1820		88017		3362
1118		1820		88017		3362
1119		1820		88017		3362
1120		1820		88017		3362
1121		1820		88017		3362
1122		1820		88017		3362
1123		1818		88018		3362
1124		1818		88018		3362
1125		1818		88018		3362
1126		1818		88018		3362
1127		1818		88018		3362
1128		1818		88018		3362
1129		1818		88018		3362
1130		1818		88018		3362
1131		1818		88018		3362
1132		1818		88018		3362
1133		1818		88018		3362
1134		1818		88018		3362
1135		1818		88018		3362
1136		1818		88018		3362
1137		1818		88018		3362
1138		1818		88018		3362
1139		1818		88018		3362
1140		1818		88018		3362
1141		1818		88018		3362
1142		1818		88018		3362
1143		1818		88018		3362
1144		1818		88018		3362
1145		1818		88018		3362
1146		1818		88018		3362
1147		1818		88018		3362
1148		1818		88018		3362
1149		1818		88018		3362
1150		1818		88018		3362
1151		1818		88018		3362
1152		1818		88018		3362
1153		1818		88018		3362
1154		1818		88018		3362
1155		1818		88018		3362
1156		1818		88018		3362
1157		1818		88018		3362
1158		1818		88018		3362
1159		1818		88018		3362
1160		1818		88018		3362
1161		1818		88018		3362
1162		1818		88018		3362
1163		1818		88018		3362
1164		1818		88018		3362
1165		1818		88018		3362
1166		1818		88018		3362
1167		1818		88018		3362
1168		1818		88018		3362
1169		1818		88018		3362
1170		1818		88018		3362
1171		1818		88018		3362
1172		1818		88018		3362
1173		1818		88018		3362
1174		1818		88018		3362
1175		1818		88018		3362
1176		1818		88018		3362
1177		1818		88018		3362
1178		1818		88018		3362
1179		1818		88018		3362
1180		1818		88018		3362
1181		1818		88018		3362
1182		1818		88018		3362
1183		1818		88018		3362
1184		1818		88018		3362
1185		1818		88018		3362
1186		1818		88018		3362
1187		1818		88018		3362
1188		1818		88018		3362
1189		1818		88018		3362
1190		1818		88018		3362
1191		1818		88018		3362
1192		1818		88018		3362
1193		1818		88018		3362
1194		1818		88018		3362
1195		1818		88018		3362
1196		1818		88018		3362
1197		1818		88018		3362
1198		1818		88018		3362
1199		1818		88018		3362
1200		1818		88018		3362
1201		1818		88018		3362
1202		1835		92736		3358
1203		1819		92776		3364
1204		1819		92778		3364
1205		1820		92779		3363
1206		1820		92781		3363
1207		1820		92782		3363
1208		1820		92784		3363
1209		1819		92787		3364
1210		1818		92788		3363
1211		1819		92791		3364
1212		1819		92795		3365
1213		1822		92802		3365
1214		1820		92806		3364
1215		1820		92811		3362
1216		1818		92813		3363
1217		1818		92815		3363
1218		1821		92820		3363
1219		1821		92823		3363
1220		1822		92824		3364
1221		1819		92826		3362
1222		1820		92829		3363
1223		1817		92832		3364
1224		1818		92836		3365
1225		1819		92837		3363
1226		1818		92841		3364
1227		1816		92843		3363
1228		1816		92844		3362
1229		1816		92848		3363
1230		1816		92849		3363
1231		1816		92851		3363
1232		1816		92854		3363
1233		1816		92856		3363
1234		1816		92858		3363
1235		1816		92859		3363
1236		1816		92860		3362
1237		1816		92861		3363
1238		1816		92863		3363
1239		1816		92866		3362
1240		1816		92870		3363
1241		1814		92872		3364
1242		1814		92872		3364
1243		1814		92872		3364
1244		1814		92872		3364
1245		1814		92872		3364
1246		1814		92872		3364
1247		1814		92872		3364
1248		1814		92872		3364
1249		1814		92872		3364
1250		1814		92872		3364
1251		1814		92872		3364
1252		1814		92872		3364
1253		1814		92872		3364
1254		1814		92872		3364
1255		1814		92872		3364
1256		1814		92872		3364
1257		1814		92872		3364
1258		1814		92872		3364
1259		1814		92872		3364
1260		1814		92872		3364
1261		1814		92872		3364
1262		1814		92872		3364
1263		1814		92872		3364
1264		1814		92872		3364
1265		1814		92872		3364
1266		1814		92872		3364
1267		1814		92872		3364
1268		1814		92872		3364
1269		1814		92872		3364
1270		1814		92872		3364
1271		1814		92872		3364
1272		1814		92872		3364
1273		1814		92872		3364
1274		1814		92872		3364
1275		1814		92872		3364
1276		1814		92872		3364
1277		1814		92872		3364
1278		1814		92872		3364
1279		1814		92872		3364
1280		1814		92872		3364
1281		1814		92872		3364
1282		1814		92872		3364
1283		1814		92872		3364
1284		1814		92872		3364
1285		1814		92872		3364
1286		1814		92872		3364
1287		1814		92872		3364
1288		1814		92872		3364
1289		1814		92872		3364
1290		1814		92872		3364
1291		1814		92872		3364
1292		1814		92872		3364
1293		1814		92872		3364
1294		1814		92872		3364
1295		1814		92872		3364
1296		1814		92872		3364
1297		1814		92872		3364
1298		1814		92872		3364
1299		1814		92872		3364
1300		1814		92872		3364
1301		1814		92872		3364
1302		1836		97586		3365
1303		1828		97627		3367
1304		1827		97636		3366
1305		1825		97647		3365
1306		1822		97657		3364
1307		1826		97663		3365
1308		1822		97673		3361
1309		1822		97686		3358
1310		1824		97697		3357
1311		1817		97712		3361
1312		1816		97720		3362
1313		1816		97733		3359
1314		1813		97738		3360
1315		1812		97745		3359
1316		1814		97757		3360
1317		1813		97765		3361
1318		1816		97778		3364
1319		1816		97791		3364
1320		1819		97807		3361
1321		1815		97839		3360
1322		1809		97852		3362
1323		1809		97865		3368
1324		1813		97881		3366
1325		1813		97893		3366
1326		1812		97903		3362
1327		1808		97915		3366
1328		1810		97924		3368
1329		1801		97940		3367
1330		1800		97952		3370
1331		1801		97956		3370
1332		1793		97961		3368
1333		1794		97962		3367
1334		1794		97967		3367
1335		1794		97968		3367
1336		1794		97971		3367
1337		1792		97973		3368
1338		1792		97976		3368
1339		1792		97977		3368
1340		1792		97979		3368
1341		1790		97981		3367
1342		1790		97982		3368
1343		1790		97984		3368
1344		1790		97985		3367
1345		1790		97989		3368
1346		1790		97990		3368
1347		1790		97992		3368
1348		1789		97993		3369
1349		1789		97995		3369
1350		1789		97997		3369
1351		1789		97999		3369
1352		1789		98001		3369
1353		1790		98002		3369
1354		1790		98002		3369
1355		1788		98003		3370
1356		1788		98003		3370
1357		1788		98003		3370
1358		1786		98004		3369
1359		1786		98004		3369
1360		1786		98004		3369
1361		1786		98004		3369
1362		1786		98004		3369
1363		1786		98004		3369
1364		1786		98004		3369
1365		1786		98004		3369
1366		1786		98004		3369
1367		1786		98004		3369
1368		1786		98004		3369
1369		1786		98004		3369
1370		1786		98004		3369
1371		1786		98004		3369
1372		1786		98004		3369
1373		1786		98004		3369
1374		1786		98004		3369
1375		1786		98004		3369
1376		1786		98004		3369
1377		1786		98004		3369
1378		1786		98004		3369
1379		1786		98004		3369
1380		1786		98004		3369
1381		1786		98004		3369
1382		1786		98004		3369
1383		1786		98004		3369
1384		1786		98004		3369
1385		1786		98004		3369
1386		1786		98004		3369
1387		1786		98004		3369
1388		1786		98004		3369
1389		1786		98004		3369
1390		1786		98004		3369
1391		1786		98004		3369
1392		1786		98004		3369
1393		1786		98004		3369
1394		1786		98004		3369
1395		1786		98004		3369
1396		1786		98004		3369
1397		1786		98004		3369
1398		1786		98004		3369
1399		1786		98004		3369
1400		1786		98004		3369
1401		1786		98004		3369
1402		1805		102723		3366
1403		1798		102762		3366
1404		1798		102777		3371
1405		1794		102797		3369
1406		1797		102807		3365
1407		1795		102813		3366
1408		1786		102822		3364
1409		1785		102829		3364
1410		1789		102836		3363
1411		1789		102843		3362
1412		1785		102852		3365
1413		1786		102863		3365
1414		1788		102877		3365
1415		1781		102886		3361
1416		1786		102895		3364
1417		1780		102909		3364
1418		1783		102912		3364
1419		1781		102920		3365
1420		1778		102924		3361
1421		1779		102926		3364
1422		1779		102933		3361
1423		1779		102938		3359
1424		1775		102943		3360
1425		1773		102947		3359
1426		1775		102951		3358
1427		1774		102955		3360
1428		1774		102956		3359
1429		1773		102959		3359
1430		1774		102962		3358
1431		1773		102963		3359
1432		1773		102964		3358
1433		1773		102965		3359
1434		1773		102966		3358
1435		1773		102967		3359
1436		1773		102969		3359
1437		1773		102969		3359
1438		1773		102970		3358
1439		1773		102972		3358
1440		1772		102976		3357
1441		1772		102977		3357
1442		1772		102978		3357
1443		1772		102980		3357
1444		1772		102982		3357
1445		1772		102984		3357
1446		1772		102985		3357
1447		1772		102986		3358
1448		1773		102989		3357
1449		1774		102992		3359
1450		1770		102993		3357
1451		1770		102994		3358
1452		1770		102995		3357
1453		1770		102995		3357
1454		1770		102996		3358
1455		1770		102998		3358
1456		1770		102999		3357
1457		1770		103001		3357
1458		1770		103001		3357
1459		1768		103003		3357
1460		1768		103003		3357
1461		1768		103003		3357
1462		1768		103003		3357
1463		1768		103003		3357
1464		1768		103003		3357
1465		1768		103003		3357
1466		1768		103003		3357
1467		1768		103003		3357
1468		1768		103003		3357
1469		1768		103003		3357
1470		1768		103003		3357
1471		1768		103003		3357
1472		1768		103003		3357
1473		1768		103003		3357
1474		1768		103003		3357
1475		1768		103003		3357
1476		1768		103003		3357
1477		1768		103003		3357
1478		1768		103003		3357
1479		1768		103003		3357
1480		1768		103003		3357
1481		1768		103003		3357
1482		1768		103003		3357
1483		1768		103003		3357
1484		1768		103003		3357
1485		1768		103003		3357
1486		1768		103003		3357
1487		1768		103003		3357
1488		1768		103003		3357
1489		1768		103003		3357
1490		1768		103003		3357
1491		1768		103003		3357
1492		1768		103003		3357
1493		1768		103003		3357
1494		1768		103003		3357
1495		1768		103003		3357
1496		1768		103003		3357
1497		1768		103003		3357
1498		1768		103003		3357
1499		1768		103003		3357
1500		1768		103003		3357
1501		1768		103003		3357
1502		1794		107722		3357
1503		1789		107772		3358
1504		1784		107798		3356
1505		1781		107808		3361
1506		1780		107825		3362
1507		1780		107835		3363
1508		1781		107854		3361
1509		1781		107866		3362
1510		1776		107882		3359
1511		1776		107899		3362
1512		1773		107910		3360
1513		1769		107918		3360
1514		1766		107923		3361
1515		1765		107926		3362
1516		1766		107927		3362
1517		1767		107928		3361
1518		1765		107930		3362
1519		1765		107930		3362
1520		1765		107930		3362
1521		1763		107931		3362
1522		1763		107934		3361
1523		1763		107935		3362
1524		1764		107937		3362
1525		1761		107939		3362
1526		1761		107939		3362
1527		1760		107942		3362
1528		1761		107949		3363
1529		1761		107953		3363
1530		1762		107958		3362
1531		1763		107965		3361
1532		1759		107974		3360
1533		1757		107977		3361
1534		1757		107979		3361
1535		1757		107980		3363
1536		1757		107980		3363
1537		1758		107985		3363
1538		1758		107987		3363
1539		1758		107991		3363
1540		1757		107993		3361
1541		1756		107994		3362
1542		1756		107996		3362
1543		1756		107996		3362
1544		1756		107996		3362
1545		1757		107997		3361
1546		1756		107998		3362
1547		1756		108000		3362
1548		1756		108000		3362
1549		1757		108001		3361
1550		1755		108002		3360
1551		1754		108003		3361
1552		1755		108004		3360
1553		1755		108006		3360
1554		1754		108007		3361
1555		1755		108008		3360
1556		1755		108010		3360
1557		1755		108012		3360
1558		1754		108013		3361
1559		1754		108013		3361
1560		1755		108014		3360
1561		1754		108015		3362
1562		1754		108018		3360
1563		1754		108018		3360
1564		1754		108018		3360
1565		1754		108018		3360
1566		1754		108018		3360
1567		1754		108018		3360
1568		1754		108018		3360
1569		1754		108018		3360
1570		1754		108018		3360
1571		1754		108018		3360
1572		1754		108018		3360
1573		1754		108018		3360
1574		1754		108018		3360
1575		1754		108018		3360
1576		1754		108018		3360
1577		1754		108018		3360
1578		1754		108018		3360
1579		1754		108018		3360
1580		1754		108018		3360
1581		1754		108018		3360
1582		1754		108018		3360
1583		1754		108018		3360
1584		1754		108018		3360
1585		1754		108018		3360
1586		1754		108018		3360
1587		1754		108018		3360
1588		1754		108018		3360
1589		1754		108018		3360
1590		1754		108018		3360
1591		1754		108018		3360
1592		1753		108019		3361
1593		1753		108019		3361
1594		1753		108019		3361
1595		1753		108019		3361
1596		1753		108019		3361
1597		1753		108019		3361
1598		1753		108019		3361
1599		1753		108019		3361
1600		1753		108019		3361
1601		1753		108019		3361
1602		1777		112733		3361
1603		1776		112781		3366
1604		1777		112793		3362
1605		1776		112813		3368
1606		1770		112833		3359
1607		1770		112846		3360
1608		1772		112877		3364
1609		1777		112891		3361
1610		1774		112912		3360
1611		1773		112923		3359
1612		1770		112939		3359
1613		1762		112955		3359
1614		1761		112969		3358
1615		1761		112982		3357
1616		1761		112997		3363
1617		1761		113017		3363
1618		1760		113041		3361
1619		1762		113057		3363
1620		1754		113090		3362
1621		1753		113115		3355
1622		1749		113128		3358
1623		1747		113143		3360
1624		1750		113157		3358
1625		1747		113173		3358
1626		1749		113182		3363
1627		1745		113189		3360
1628		1744		113198		3358
1629		1748		113209		3362
1630		1744		113220		3359
1631		1744		113233		3361
1632		1745		113243		3363
1633		1754		113260		3362
1634		1745		113279		3361
1635		1744		113287		3360
1636		1743		113299		3360
1637		1743		113312		3360
1638		1739		113322		3357
1639		1741		113332		3360
1640		1740		113339		3359
1641		1740		113359		3359
1642		1742		113373		3361
1643		1734		113380		3359
1644		1732		113389		3358
1645		1738		113400		3358
1646		1741		113409		3359
1647		1732		113422		3359
1648		1733		113427		3358
1649		1732		113437		3359
1650		1732		113444		3358
1651		1736		113453		3359
1652		1730		113471		3360
1653		1726		113483		3361
1654		1732		113499		3363
1655		1737		113534		3360
1656		1738		113555		3363
1657		1741		113579		3361
1658		1730		113608		3365
1659		1733		113620		3365
1660		1724		113637		3364
1661		1725		113650		3358
1662		1722		113667		3361
1663		1725		113677		3363
1664		1722		113687		3361
1665		1718		113698		3364
1666		1718		113707		3360
1667		1718		113721		3362
1668		1716		113732		3360
1669		1713		113741		3365
1670		1713		113747		3362
1671		1714		113756		3364
1672		1713		113764		3365
1673		1716		113773		3362
1674		1716		113784		3363
1675		1710		113796		3366
1676		1715		113805		3364
1677		1713		113818		3363
1678		1710		113829		3367
1679		1706		113848		3366
1680		1707		113854		3365
1681		1708		113860		3364
1682		1707		113870		3366
1683		1704		113879		3366
1684		1707		113887		3365
1685		1706		113900		3365
1686		1706		113913		3365
1687		1706		113931		3366
1688		1706		113940		3366
1689		1701		113947		3366
1690		1706		113960		3365
1691		1706		113968		3363
1692		1701		113976		3363
1693		1697		113984		3364
1694		1694		113989		3365
1695		1694		113993		3365
1696		1694		113998		3364
1697		1695		114002		3364
1698		1696		114005		3363
1699		1695		114006		3363
1700		1696		114012		3365
1701		1697		114017		3363
1702		1733		118733		3361
1703		1727		118818		3362
1704		1722		118855		3365
1705		1714		118882		3369
1706		1709		118914		3370
1707		1707		118944		3374
1708		1704		118965		3372
1709		1699		118986		3369
1710		1691		119005		3371
1711		1692		119020		3374
1712		1686		119039		3373
1713		1684		119065		3376
1714		1681		119087		3372
1715		1681		119108		3370
1716		1677		119132		3371
1717		1676		119148		3371
1718		1678		119166		3372
1719		1670		119186		3374
1720		1667		119200		3370
1721		1672		119214		3372
1722		1672		119230		3373
1723		1672		119242		3372
1724		1670		119256		3372
1725		1667		119275		3368
1726		1661		119305		3367
1727		1662		119321		3366
1728		1661		119326		3366
1729		1659		119335		3369
1730		1659		119344		3367
1731		1659		119354		3368
1732		1660		119360		3372
1733		1659		119371		3370
1734		1665		119380		3372
1735		1665		119392		3372
1736		1659		119407		3370
1737		1657		119415		3368
1738		1658		119420		3370
1739		1661		119424		3371
1740		1654		119435		3370
1741		1654		119438		3369
1742		1654		119442		3371
1743		1654		119449		3368
1744		1654		119452		3368
1745		1652		119456		3368
1746		1652		119458		3370
1747		1653		119460		3367
1748		1651		119466		3371
1749		1653		119470		3368
1750		1653		119474		3371
1751		1653		119482		3372
1752		1654		119494		3368
1753		1654		119500		3370
1754		1655		119509		3369
1755		1660		119521		3369
1756		1662		119541		3369
1757		1666		119552		3368
1758		1662		119566		3367
1759		1663		119584		3362
1760		1664		119599		3362
1761		1661		119612		3364
1762		1661		119625		3365
1763		1657		119641		3365
1764		1654		119647		3364
1765		1655		119668		3363
1766		1654		119682		3365
1767		1648		119691		3364
1768		1649		119697		3362
1769		1649		119710		3364
1770		1649		119715		3361
1771		1648		119722		3363
1772		1648		119730		3363
1773		1645		119736		3363
1774		1644		119752		3364
1775		1645		119759		3363
1776		1642		119765		3365
1777		1641		119778		3367
1778		1640		119783		3368
1779		1639		119787		3367
1780		1638		119793		3366
1781		1639		119796		3366
1782		1640		119799		3368
1783		1640		119801		3368
1784		1640		119804		3366
1785		1639		119805		3367
1786		1639		119805		3367
1787		1640		119808		3367
1788		1640		119809		3368
1789		1641		119810		3368
1790		1641		119814		3368
1791		1641		119818		3368
1792		1642		119819		3366
1793		1642		119821		3366
1794		1640		119824		3365
1795		1638		119825		3367
1796		1637		119828		3367
1797		1637		119828		3367
1798		1638		119829		3365
1799		1637		119830		3367
1800		1638		119831		3365
1801		1638		119832		3366
1802		1652		124549		3368
1803		1644		124596		3364
1804		1640		124606		3366
1805		1642		124618		3364
1806		1646		124627		3364
1807		1643		124637		3365
1808		1643		124642		3366
1809		1644		124651		3366
1810		1644		124661		3364
1811		1645		124674		3365
1812		1644		124687		3364
1813		1638		124695		3363
1814		1639		124703		3366
1815		1638		124716		3361
1816		1638		124722		3363
1817		1636		124730		3364
1818		1633		124736		3360
1819		1633		124738		3363
1820		1634		124744		3362
1821		1632		124746		3363
1822		1634		124750		3362
1823		1631		124764		3366
1824		1629		124785		3366
1825		1628		124803		3364
1826		1629		124826		3369
1827		1628		124854		3369
1828		1628		124875		3371
1829		1624		124901		3371
1830		1623		124915		3369
1831		1622		124923		3368
1832		1624		124934		3368
1833		1624		124953		3373
1834		1628		124960		3371
1835		1625		124973		3368
1836		1621		124983		3366
1837		1618		124991		3368
1838		1617		124999		3368
1839		1619		125010		3366
1840		1614		125021		3366
1841		1610		125028		3369
1842		1609		125029		3369
1843		1610		125031		3369
1844		1607		125033		3368
1845		1606		125040		3370
1846		1604		125041		3371
1847		1605		125043		3371
1848		1604		125046		3370
1849		1605		125051		3371
1850		1602		125059		3372
1851		1602		125061		3372
1852		1599		125070		3372
1853		1600		125071		3370
1854		1600		125073		3370
1855		1600		125075		3370
1856		1600		125077		3370
1857		1600		125078		3371
1858		1600		125079		3372
1859		1600		125083		3370
1860		1600		125085		3370
1861		1600		125087		3370
1862		1600		125089		3370
1863		1600		125091		3370
1864		1599		125092		3372
1865		1598		125093		3371
1866		1599		125094		3372
1867		1598		125095		3371
1868		1598		125097		3371
1869		1598		125097		3371
1870		1598		125099		3371
1871		1600		125101		3370
1872		1600		125102		3371
1873		1601		125107		3370
1874		1600		125108		3372
1875		1597		125109		3373
1876		1597		125109		3373
1877		1597		125109		3373
1878		1597		125109		3373
1879		1597		125109		3373
1880		1597		125109		3373
1881		1597		125109		3373
1882		1597		125109		3373
1883		1597		125109		3373
1884		1597		125109		3373
1885		1597		125109		3373
1886		1597		125109		3373
1887		1597		125109		3373
1888		1597		125109		3373
1889		1597		125109		3373
1890		1597		125109		3373
1891		1597		125109		3373
1892		1597		125109		3373
1893		1597		125109		3373
1894		1597		125109		3373
1895		1597		125109		3373
1896		1597		125109		3373
1897		1597		125109		3373
1898		1597		125109		3373
1899		1597		125109		3373
1900		1597		125109		3373
1901		1597		125109		3373
1902		1607		129827		3374
1903		1608		129865		3371
1904		1608		129877		3371
1905		1600		129900		3372
1906		1598		129909		3371
1907		1600		129929		3374
1908		1602		129940		3371
1909		1595		129955		3372
1910		1596		129959		3373
1911		1597		129974		3375
1912		1592		129987		3372
1913		1591		129997		3371
1914		1593		130004		3371
1915		1594		130016		3371
1916		1588		130024		3371
1917		1588		130030		3372
1918		1588		130038		3368
1919		1590		130053		3371
1920		1592		130062		3374
1921		1585		130073		3370
1922		1584		130080		3371
1923		1581		130091		3373
1924		1579		130096		3373
1925		1577		130107		3374
1926		1573		130116		3372
1927		1573		130118		3373
1928		1573		130121		3373
1929		1570		130126		3375
1930		1568		130132		3374
1931		1566		130134		3377
1932		1567		130137		3375
1933		1569		130139		3374
1934		1569		130143		3374
1935		1568		130147		3374
1936		1567		130154		3375
1937		1566		130163		3376
1938		1564		130167		3378
1939		1565		130170		3375
1940		1564		130174		3376
1941		1565		130178		3375
1942		1564		130182		3375
1943		1563		130197		3377
1944		1561		130201		3375
1945		1562		130202		3376
1946		1561		130206		3376
1947		1562		130208		3376
1948		1560		130213		3377
1949		1560		130215		3377
1950		1560		130220		3379
1951		1558		130223		3378
1952		1558		130228		3377
1953		1558		130231		3378
1954		1559		130237		3377
1955		1558		130240		3379
1956		1558		130245		3378
1957		1558		130251		3378
1958		1557		130254		3374
1959		1558		130260		3376
1960		1557		130267		3377
1961		1555		130269		3377
1962		1556		130278		3375
1963		1553		130285		3376
1964		1552		130290		3377
1965		1555		130296		3377
1966		1558		130306		3376
1967		1553		130312		3377
1968		1552		130315		3377
1969		1550		130318		3377
1970		1552		130322		3376
1971		1548		130325		3377
1972		1548		130328		3376
1973		1549		130332		3376
1974		1549		130334		3376
1975		1549		130337		3378
1976		1550		130340		3377
1977		1550		130346		3377
1978		1548		130352		3378
1979		1550		130361		3379
1980		1550		130362		3380
1981		1549		130365		3380
1982		1549		130367		3380
1983		1552		130370		3378
1984		1551		130374		3380
1985		1548		130381		3381
1986		1549		130382		3380
1987		1549		130383		3381
1988		1546		130386		3379
1989		1546		130386		3379
1990		1546		130386		3379
1991		1546		130386		3379
1992		1546		130386		3379
1993		1546		130386		3379
1994		1546		130386		3379
1995		1546		130386		3379
1996		1546		130386		3379
1997		1546		130386		3379
1998		1546		130386		3379
1999		1546		130386		3379
