# Migration is number of nodes that have changed color.

Round		Edge-Cut		Swaps		Migrations		Skipped
0		8945		4720		3014
1		8367		9440		3048
2		7949		14160		3166
3		7573		18880		3146
4		7319		23600		3199
5		7055		28320		3153
6		6952		33040		3190
7		6793		37760		3195
8		6592		42480		3203
9		6488		47200		3216
10		6324		51920		3235
11		6191		56640		3194
12		5996		61360		3216
13		5961		66080		3242
14		5364		67707		3253
15		5023		68875		3266
16		4778		69869		3257
17		4600		70768		3231
18		4395		71566		3252
19		4239		72271		3237
20		4108		72968		3246
21		3988		73565		3262
22		3802		74097		3250
23		3710		74582		3243
24		3616		75021		3242
25		3565		75423		3269
26		3469		75835		3276
27		3426		76188		3277
28		3352		76562		3262
29		3284		76856		3271
30		3290		77176		3271
31		3246		77508		3257
32		3189		77821		3271
33		3142		78054		3282
34		3102		78248		3278
35		3081		78461		3277
36		3038		78621		3289
37		3015		78823		3271
38		2985		79006		3271
39		2963		79176		3281
40		2940		79320		3274
41		2938		79451		3279
42		2911		79577		3271
43		2889		79703		3287
44		2875		79852		3293
45		2862		79993		3292
46		2859		80137		3284
47		2859		80299		3289
48		2841		80456		3293
49		2831		80597		3317
50		2822		80739		3306
51		2801		80876		3313
52		2793		80998		3317
53		2769		81121		3312
54		2775		81240		3312
55		2770		81355		3307
56		2744		81494		3309
57		2724		81592		3305
58		2720		81707		3306
59		2674		81842		3309
60		2645		81938		3312
61		2642		82024		3312
62		2643		82113		3312
63		2637		82199		3308
64		2627		82275		3308
65		2616		82384		3290
66		2608		82479		3296
67		2589		82552		3300
68		2587		82621		3301
69		2582		82686		3304
70		2567		82766		3300
71		2561		82823		3311
72		2551		82887		3306
73		2545		82948		3309
74		2532		83015		3308
75		2533		83087		3307
76		2535		83158		3303
77		2516		83245		3305
78		2510		83332		3307
79		2492		83419		3305
80		2486		83497		3315
81		2481		83581		3320
82		2476		83661		3320
83		2477		83732		3320
84		2453		83800		3322
85		2448		83861		3331
86		2441		83927		3320
87		2419		83982		3318
88		2424		84035		3319
89		2415		84082		3317
90		2409		84125		3320
91		2409		84168		3316
92		2400		84208		3314
93		2395		84237		3309
94		2395		84285		3308
95		2391		84328		3312
96		2389		84383		3317
97		2379		84413		3311
98		2374		84439		3314
99		2382		84475		3316
100		2379		84536		3319
101		2361		84566		3319
102		2355		84610		3316
103		2347		84629		3322
104		2346		84652		3322
105		2343		84677		3321
106		2347		84701		3323
107		2338		84728		3323
108		2339		84751		3323
109		2337		84772		3328
110		2337		84780		3329
111		2334		84793		3328
112		2319		84806		3330
113		2313		84813		3332
114		2312		84816		3331
115		2311		84819		3332
116		2312		84820		3331
117		2312		84830		3330
118		2307		84835		3328
119		2307		84835		3328
120		2307		84835		3328
121		2305		84838		3329
122		2305		84839		3329
123		2305		84840		3329
124		2305		84841		3329
125		2304		84844		3329
126		2308		84849		3328
127		2305		84854		3329
128		2303		84855		3330
129		2303		84856		3328
130		2303		84859		3330
131		2303		84861		3330
132		2303		84861		3330
133		2303		84863		3330
134		2302		84865		3327
135		2302		84865		3327
136		2303		84866		3329
137		2302		84867		3327
138		2301		84869		3329
139		2303		84873		3327
140		2301		84875		3328
141		2301		84875		3328
142		2301		84875		3328
143		2301		84875		3328
144		2301		84875		3328
145		2301		84875		3328
146		2301		84875		3328
147		2301		84875		3328
148		2301		84875		3328
149		2301		84875		3328
150		2301		84875		3328
151		2301		84875		3328
152		2301		84875		3328
153		2301		84875		3328
154		2301		84875		3328
155		2301		84875		3328
156		2301		84875		3328
157		2301		84875		3328
158		2301		84875		3328
159		2301		84875		3328
160		2301		84875		3328
161		2301		84875		3328
162		2301		84875		3328
163		2301		84875		3328
164		2301		84875		3328
165		2301		84875		3328
166		2301		84875		3328
167		2301		84875		3328
168		2301		84875		3328
169		2301		84875		3328
170		2301		84875		3328
171		2301		84875		3328
172		2301		84875		3328
173		2301		84875		3328
174		2301		84875		3328
175		2301		84875		3328
176		2301		84875		3328
177		2301		84875		3328
178		2301		84875		3328
179		2301		84875		3328
180		2301		84875		3328
181		2301		84875		3328
182		2301		84875		3328
183		2301		84875		3328
184		2301		84875		3328
185		2301		84875		3328
186		2301		84875		3328
187		2301		84875		3328
188		2301		84875		3328
189		2301		84875		3328
190		2301		84875		3328
191		2301		84875		3328
192		2301		84875		3328
193		2301		84875		3328
194		2301		84875		3328
195		2301		84875		3328
196		2301		84875		3328
197		2301		84875		3328
198		2301		84875		3328
199		2301		84875		3328
200		2301		84875		3328
201		2301		84875		3328
202		2301		84875		3328
203		2301		84875		3328
204		2301		84875		3328
205		2301		84875		3328
206		2301		84875		3328
207		2301		84875		3328
208		2301		84875		3328
209		2301		84875		3328
210		2301		84875		3328
211		2301		84875		3328
212		2301		84875		3328
213		2301		84875		3328
214		2301		84875		3328
215		2301		84875		3328
216		2301		84875		3328
217		2301		84875		3328
218		2301		84875		3328
219		2301		84875		3328
220		2301		84875		3328
221		2301		84875		3328
222		2301		84875		3328
223		2301		84875		3328
224		2301		84875		3328
225		2301		84875		3328
226		2301		84875		3328
227		2301		84875		3328
228		2301		84875		3328
229		2301		84875		3328
230		2301		84875		3328
231		2301		84875		3328
232		2301		84875		3328
233		2301		84875		3328
234		2301		84875		3328
235		2301		84875		3328
236		2301		84875		3328
237		2301		84875		3328
238		2301		84875		3328
239		2301		84875		3328
240		2301		84875		3328
241		2301		84875		3328
242		2301		84875		3328
243		2301		84875		3328
244		2301		84875		3328
245		2301		84875		3328
246		2301		84875		3328
247		2301		84875		3328
248		2301		84875		3328
249		2301		84875		3328
250		2301		84875		3328
251		2301		84875		3328
252		2301		84875		3328
253		2301		84875		3328
254		2301		84875		3328
255		2301		84875		3328
256		2301		84875		3328
257		2301		84875		3328
258		2301		84875		3328
259		2301		84875		3328
260		2301		84875		3328
261		2301		84875		3328
262		2301		84875		3328
263		2301		84875		3328
264		2301		84875		3328
265		2301		84875		3328
266		2301		84875		3328
267		2301		84875		3328
268		2301		84875		3328
269		2301		84875		3328
270		2301		84875		3328
271		2301		84875		3328
272		2301		84875		3328
273		2301		84875		3328
274		2301		84875		3328
275		2301		84875		3328
276		2301		84875		3328
277		2301		84875		3328
278		2301		84875		3328
279		2301		84875		3328
280		2301		84875		3328
281		2301		84875		3328
282		2301		84875		3328
283		2301		84875		3328
284		2301		84875		3328
285		2301		84875		3328
286		2301		84875		3328
287		2301		84875		3328
288		2301		84875		3328
289		2301		84875		3328
290		2301		84875		3328
291		2301		84875		3328
292		2301		84875		3328
293		2301		84875		3328
294		2301		84875		3328
295		2301		84875		3328
296		2301		84875		3328
297		2301		84875		3328
298		2301		84875		3328
299		2301		84875		3328
300		2301		84875		3328
301		2301		84875		3328
302		2301		84875		3328
303		2301		84875		3328
304		2301		84875		3328
305		2301		84875		3328
306		2301		84875		3328
307		2301		84875		3328
308		2301		84875		3328
309		2301		84875		3328
310		2301		84875		3328
311		2301		84875		3328
312		2301		84875		3328
313		2301		84875		3328
314		2301		84875		3328
315		2301		84875		3328
316		2301		84875		3328
317		2301		84875		3328
318		2301		84875		3328
319		2301		84875		3328
320		2301		84875		3328
321		2301		84875		3328
322		2301		84875		3328
323		2301		84875		3328
324		2301		84875		3328
325		2301		84875		3328
326		2301		84875		3328
327		2301		84875		3328
328		2301		84875		3328
329		2301		84875		3328
330		2301		84875		3328
331		2301		84875		3328
332		2301		84875		3328
333		2301		84875		3328
334		2301		84875		3328
335		2301		84875		3328
336		2301		84875		3328
337		2301		84875		3328
338		2301		84875		3328
339		2301		84875		3328
340		2301		84875		3328
341		2301		84875		3328
342		2301		84875		3328
343		2301		84875		3328
344		2301		84875		3328
345		2301		84875		3328
346		2301		84875		3328
347		2301		84875		3328
348		2301		84875		3328
349		2301		84875		3328
350		2301		84875		3328
351		2301		84875		3328
352		2301		84875		3328
353		2301		84875		3328
354		2301		84875		3328
355		2301		84875		3328
356		2301		84875		3328
357		2301		84875		3328
358		2301		84875		3328
359		2301		84875		3328
360		2301		84875		3328
361		2301		84875		3328
362		2301		84875		3328
363		2301		84875		3328
364		2301		84875		3328
365		2301		84875		3328
366		2301		84875		3328
367		2301		84875		3328
368		2301		84875		3328
369		2301		84875		3328
370		2301		84875		3328
371		2301		84875		3328
372		2301		84875		3328
373		2301		84875		3328
374		2301		84875		3328
375		2301		84875		3328
376		2301		84875		3328
377		2301		84875		3328
378		2301		84875		3328
379		2301		84875		3328
380		2301		84875		3328
381		2301		84875		3328
382		2301		84875		3328
383		2301		84875		3328
384		2301		84875		3328
385		2301		84875		3328
386		2301		84875		3328
387		2301		84875		3328
388		2301		84875		3328
389		2301		84875		3328
390		2301		84875		3328
391		2301		84875		3328
392		2301		84875		3328
393		2301		84875		3328
394		2301		84875		3328
395		2301		84875		3328
396		2301		84875		3328
397		2301		84875		3328
398		2301		84875		3328
399		2301		84875		3328
400		2301		84875		3328
401		2301		84875		3328
402		2301		84875		3328
403		2301		84875		3328
404		2301		84875		3328
405		2301		84875		3328
406		2301		84875		3328
407		2301		84875		3328
408		2301		84875		3328
409		2301		84875		3328
410		2301		84875		3328
411		2301		84875		3328
412		2301		84875		3328
413		2301		84875		3328
414		2301		84875		3328
415		2301		84875		3328
416		2301		84875		3328
417		2301		84875		3328
418		2301		84875		3328
419		2301		84875		3328
420		2301		84875		3328
421		2301		84875		3328
422		2301		84875		3328
423		2301		84875		3328
424		2301		84875		3328
425		2301		84875		3328
426		2301		84875		3328
427		2301		84875		3328
428		2301		84875		3328
429		2301		84875		3328
430		2301		84875		3328
431		2301		84875		3328
432		2301		84875		3328
433		2301		84875		3328
434		2301		84875		3328
435		2301		84875		3328
436		2301		84875		3328
437		2301		84875		3328
438		2301		84875		3328
439		2301		84875		3328
440		2301		84875		3328
441		2301		84875		3328
442		2301		84875		3328
443		2301		84875		3328
444		2301		84875		3328
445		2301		84875		3328
446		2301		84875		3328
447		2301		84875		3328
448		2301		84875		3328
449		2301		84875		3328
450		2301		84875		3328
451		2301		84875		3328
452		2301		84875		3328
453		2301		84875		3328
454		2301		84875		3328
455		2301		84875		3328
456		2301		84875		3328
457		2301		84875		3328
458		2301		84875		3328
459		2301		84875		3328
460		2301		84875		3328
461		2301		84875		3328
462		2301		84875		3328
463		2301		84875		3328
464		2301		84875		3328
465		2301		84875		3328
466		2301		84875		3328
467		2301		84875		3328
468		2301		84875		3328
469		2301		84875		3328
470		2301		84875		3328
471		2301		84875		3328
472		2301		84875		3328
473		2301		84875		3328
474		2301		84875		3328
475		2301		84875		3328
476		2301		84875		3328
477		2301		84875		3328
478		2301		84875		3328
479		2301		84875		3328
480		2301		84875		3328
481		2301		84875		3328
482		2301		84875		3328
483		2301		84875		3328
484		2301		84875		3328
485		2301		84875		3328
486		2301		84875		3328
487		2301		84875		3328
488		2301		84875		3328
489		2301		84875		3328
490		2301		84875		3328
491		2301		84875		3328
492		2301		84875		3328
493		2301		84875		3328
494		2301		84875		3328
495		2301		84875		3328
496		2301		84875		3328
497		2301		84875		3328
498		2301		84875		3328
499		2301		84875		3328
500		2301		84875		3328
501		2301		84875		3328
502		2301		84875		3328
503		2301		84875		3328
504		2301		84875		3328
505		2301		84875		3328
506		2301		84875		3328
507		2301		84875		3328
508		2301		84875		3328
509		2301		84875		3328
510		2301		84875		3328
511		2301		84875		3328
512		2301		84875		3328
513		2301		84875		3328
514		2301		84875		3328
515		2301		84875		3328
516		2301		84875		3328
517		2301		84875		3328
518		2301		84875		3328
519		2301		84875		3328
520		2301		84875		3328
521		2301		84875		3328
522		2301		84875		3328
523		2301		84875		3328
524		2301		84875		3328
525		2301		84875		3328
526		2301		84875		3328
527		2301		84875		3328
528		2301		84875		3328
529		2301		84875		3328
530		2301		84875		3328
531		2301		84875		3328
532		2301		84875		3328
533		2301		84875		3328
534		2301		84875		3328
535		2301		84875		3328
536		2301		84875		3328
537		2301		84875		3328
538		2301		84875		3328
539		2301		84875		3328
540		2301		84875		3328
541		2301		84875		3328
542		2301		84875		3328
543		2301		84875		3328
544		2301		84875		3328
545		2301		84875		3328
546		2301		84875		3328
547		2301		84875		3328
548		2301		84875		3328
549		2301		84875		3328
550		2301		84875		3328
551		2301		84875		3328
552		2301		84875		3328
553		2301		84875		3328
554		2301		84875		3328
555		2301		84875		3328
556		2301		84875		3328
557		2301		84875		3328
558		2301		84875		3328
559		2301		84875		3328
560		2301		84875		3328
561		2301		84875		3328
562		2301		84875		3328
563		2301		84875		3328
564		2301		84875		3328
565		2301		84875		3328
566		2301		84875		3328
567		2301		84875		3328
568		2301		84875		3328
569		2301		84875		3328
570		2301		84875		3328
571		2301		84875		3328
572		2301		84875		3328
573		2301		84875		3328
574		2301		84875		3328
575		2301		84875		3328
576		2301		84875		3328
577		2301		84875		3328
578		2301		84875		3328
579		2301		84875		3328
580		2301		84875		3328
581		2301		84875		3328
582		2301		84875		3328
583		2301		84875		3328
584		2301		84875		3328
585		2301		84875		3328
586		2301		84875		3328
587		2301		84875		3328
588		2301		84875		3328
589		2301		84875		3328
590		2301		84875		3328
591		2301		84875		3328
592		2301		84875		3328
593		2301		84875		3328
594		2301		84875		3328
595		2301		84875		3328
596		2301		84875		3328
597		2301		84875		3328
598		2301		84875		3328
599		2301		84875		3328
600		2301		84875		3328
601		2301		84875		3328
602		2301		84875		3328
603		2301		84875		3328
604		2301		84875		3328
605		2301		84875		3328
606		2301		84875		3328
607		2301		84875		3328
608		2301		84875		3328
609		2301		84875		3328
610		2301		84875		3328
611		2301		84875		3328
612		2301		84875		3328
613		2301		84875		3328
614		2301		84875		3328
615		2301		84875		3328
616		2301		84875		3328
617		2301		84875		3328
618		2301		84875		3328
619		2301		84875		3328
620		2301		84875		3328
621		2301		84875		3328
622		2301		84875		3328
623		2301		84875		3328
624		2301		84875		3328
625		2301		84875		3328
626		2301		84875		3328
627		2301		84875		3328
628		2301		84875		3328
629		2301		84875		3328
630		2301		84875		3328
631		2301		84875		3328
632		2301		84875		3328
633		2301		84875		3328
634		2301		84875		3328
635		2301		84875		3328
636		2301		84875		3328
637		2301		84875		3328
638		2301		84875		3328
639		2301		84875		3328
640		2301		84875		3328
641		2301		84875		3328
642		2301		84875		3328
643		2301		84875		3328
644		2301		84875		3328
645		2301		84875		3328
646		2301		84875		3328
647		2301		84875		3328
648		2301		84875		3328
649		2301		84875		3328
650		2301		84875		3328
651		2301		84875		3328
652		2301		84875		3328
653		2301		84875		3328
654		2301		84875		3328
655		2301		84875		3328
656		2301		84875		3328
657		2301		84875		3328
658		2301		84875		3328
659		2301		84875		3328
660		2301		84875		3328
661		2301		84875		3328
662		2301		84875		3328
663		2301		84875		3328
664		2301		84875		3328
665		2301		84875		3328
666		2301		84875		3328
667		2301		84875		3328
668		2301		84875		3328
669		2301		84875		3328
670		2301		84875		3328
671		2301		84875		3328
672		2301		84875		3328
673		2301		84875		3328
674		2301		84875		3328
675		2301		84875		3328
676		2301		84875		3328
677		2301		84875		3328
678		2301		84875		3328
679		2301		84875		3328
680		2301		84875		3328
681		2301		84875		3328
682		2301		84875		3328
683		2301		84875		3328
684		2301		84875		3328
685		2301		84875		3328
686		2301		84875		3328
687		2301		84875		3328
688		2301		84875		3328
689		2301		84875		3328
690		2301		84875		3328
691		2301		84875		3328
692		2301		84875		3328
693		2301		84875		3328
694		2301		84875		3328
695		2301		84875		3328
696		2301		84875		3328
697		2301		84875		3328
698		2301		84875		3328
699		2301		84875		3328
700		2301		84875		3328
701		2301		84875		3328
702		2301		84875		3328
703		2301		84875		3328
704		2301		84875		3328
705		2301		84875		3328
706		2301		84875		3328
707		2301		84875		3328
708		2301		84875		3328
709		2301		84875		3328
710		2301		84875		3328
711		2301		84875		3328
712		2301		84875		3328
713		2301		84875		3328
714		2301		84875		3328
715		2301		84875		3328
716		2301		84875		3328
717		2301		84875		3328
718		2301		84875		3328
719		2301		84875		3328
720		2301		84875		3328
721		2301		84875		3328
722		2301		84875		3328
723		2301		84875		3328
724		2301		84875		3328
725		2301		84875		3328
726		2301		84875		3328
727		2301		84875		3328
728		2301		84875		3328
729		2301		84875		3328
730		2301		84875		3328
731		2301		84875		3328
732		2301		84875		3328
733		2301		84875		3328
734		2301		84875		3328
735		2301		84875		3328
736		2301		84875		3328
737		2301		84875		3328
738		2301		84875		3328
739		2301		84875		3328
740		2301		84875		3328
741		2301		84875		3328
742		2301		84875		3328
743		2301		84875		3328
744		2301		84875		3328
745		2301		84875		3328
746		2301		84875		3328
747		2301		84875		3328
748		2301		84875		3328
749		2301		84875		3328
750		2301		84875		3328
751		2301		84875		3328
752		2301		84875		3328
753		2301		84875		3328
754		2301		84875		3328
755		2301		84875		3328
756		2301		84875		3328
757		2301		84875		3328
758		2301		84875		3328
759		2301		84875		3328
760		2301		84875		3328
761		2301		84875		3328
762		2301		84875		3328
763		2301		84875		3328
764		2301		84875		3328
765		2301		84875		3328
766		2301		84875		3328
767		2301		84875		3328
768		2301		84875		3328
769		2301		84875		3328
770		2301		84875		3328
771		2301		84875		3328
772		2301		84875		3328
773		2301		84875		3328
774		2301		84875		3328
775		2301		84875		3328
776		2301		84875		3328
777		2301		84875		3328
778		2301		84875		3328
779		2301		84875		3328
780		2301		84875		3328
781		2301		84875		3328
782		2301		84875		3328
783		2301		84875		3328
784		2301		84875		3328
785		2301		84875		3328
786		2301		84875		3328
787		2301		84875		3328
788		2301		84875		3328
789		2301		84875		3328
790		2301		84875		3328
791		2301		84875		3328
792		2301		84875		3328
793		2301		84875		3328
794		2301		84875		3328
795		2301		84875		3328
796		2301		84875		3328
797		2301		84875		3328
798		2301		84875		3328
799		2301		84875		3328
800		2301		84875		3328
801		2301		84875		3328
802		2301		84875		3328
803		2301		84875		3328
804		2301		84875		3328
805		2301		84875		3328
806		2301		84875		3328
807		2301		84875		3328
808		2301		84875		3328
809		2301		84875		3328
810		2301		84875		3328
811		2301		84875		3328
812		2301		84875		3328
813		2301		84875		3328
814		2301		84875		3328
815		2301		84875		3328
816		2301		84875		3328
817		2301		84875		3328
818		2301		84875		3328
819		2301		84875		3328
820		2301		84875		3328
821		2301		84875		3328
822		2301		84875		3328
823		2301		84875		3328
824		2301		84875		3328
825		2301		84875		3328
826		2301		84875		3328
827		2301		84875		3328
828		2301		84875		3328
829		2301		84875		3328
830		2301		84875		3328
831		2301		84875		3328
832		2301		84875		3328
833		2301		84875		3328
834		2301		84875		3328
835		2301		84875		3328
836		2301		84875		3328
837		2301		84875		3328
838		2301		84875		3328
839		2301		84875		3328
840		2301		84875		3328
841		2301		84875		3328
842		2301		84875		3328
843		2301		84875		3328
844		2301		84875		3328
845		2301		84875		3328
846		2301		84875		3328
847		2301		84875		3328
848		2301		84875		3328
849		2301		84875		3328
850		2301		84875		3328
851		2301		84875		3328
852		2301		84875		3328
853		2301		84875		3328
854		2301		84875		3328
855		2301		84875		3328
856		2301		84875		3328
857		2301		84875		3328
858		2301		84875		3328
859		2301		84875		3328
860		2301		84875		3328
861		2301		84875		3328
862		2301		84875		3328
863		2301		84875		3328
864		2301		84875		3328
865		2301		84875		3328
866		2301		84875		3328
867		2301		84875		3328
868		2301		84875		3328
869		2301		84875		3328
870		2301		84875		3328
871		2301		84875		3328
872		2301		84875		3328
873		2301		84875		3328
874		2301		84875		3328
875		2301		84875		3328
876		2301		84875		3328
877		2301		84875		3328
878		2301		84875		3328
879		2301		84875		3328
880		2301		84875		3328
881		2301		84875		3328
882		2301		84875		3328
883		2301		84875		3328
884		2301		84875		3328
885		2301		84875		3328
886		2301		84875		3328
887		2301		84875		3328
888		2301		84875		3328
889		2301		84875		3328
890		2301		84875		3328
891		2301		84875		3328
892		2301		84875		3328
893		2301		84875		3328
894		2301		84875		3328
895		2301		84875		3328
896		2301		84875		3328
897		2301		84875		3328
898		2301		84875		3328
899		2301		84875		3328
900		2301		84875		3328
901		2301		84875		3328
902		2301		84875		3328
903		2301		84875		3328
904		2301		84875		3328
905		2301		84875		3328
906		2301		84875		3328
907		2301		84875		3328
908		2301		84875		3328
909		2301		84875		3328
910		2301		84875		3328
911		2301		84875		3328
912		2301		84875		3328
913		2301		84875		3328
914		2301		84875		3328
915		2301		84875		3328
916		2301		84875		3328
917		2301		84875		3328
918		2301		84875		3328
919		2301		84875		3328
920		2301		84875		3328
921		2301		84875		3328
922		2301		84875		3328
923		2301		84875		3328
924		2301		84875		3328
925		2301		84875		3328
926		2301		84875		3328
927		2301		84875		3328
928		2301		84875		3328
929		2301		84875		3328
930		2301		84875		3328
931		2301		84875		3328
932		2301		84875		3328
933		2301		84875		3328
934		2301		84875		3328
935		2301		84875		3328
936		2301		84875		3328
937		2301		84875		3328
938		2301		84875		3328
939		2301		84875		3328
940		2301		84875		3328
941		2301		84875		3328
942		2301		84875		3328
943		2301		84875		3328
944		2301		84875		3328
945		2301		84875		3328
946		2301		84875		3328
947		2301		84875		3328
948		2301		84875		3328
949		2301		84875		3328
950		2301		84875		3328
951		2301		84875		3328
952		2301		84875		3328
953		2301		84875		3328
954		2301		84875		3328
955		2301		84875		3328
956		2301		84875		3328
957		2301		84875		3328
958		2301		84875		3328
959		2301		84875		3328
960		2301		84875		3328
961		2301		84875		3328
962		2301		84875		3328
963		2301		84875		3328
964		2301		84875		3328
965		2301		84875		3328
966		2301		84875		3328
967		2301		84875		3328
968		2301		84875		3328
969		2301		84875		3328
970		2301		84875		3328
971		2301		84875		3328
972		2301		84875		3328
973		2301		84875		3328
974		2301		84875		3328
975		2301		84875		3328
976		2301		84875		3328
977		2301		84875		3328
978		2301		84875		3328
979		2301		84875		3328
980		2301		84875		3328
981		2301		84875		3328
982		2301		84875		3328
983		2301		84875		3328
984		2301		84875		3328
985		2301		84875		3328
986		2301		84875		3328
987		2301		84875		3328
988		2301		84875		3328
989		2301		84875		3328
990		2301		84875		3328
991		2301		84875		3328
992		2301		84875		3328
993		2301		84875		3328
994		2301		84875		3328
995		2301		84875		3328
996		2301		84875		3328
997		2301		84875		3328
998		2301		84875		3328
999		2301		84875		3328
1000		2301		84875		3328
1001		2301		84875		3328
1002		2301		84875		3328
1003		2301		84875		3328
1004		2301		84875		3328
1005		2301		84875		3328
1006		2301		84875		3328
1007		2301		84875		3328
1008		2301		84875		3328
1009		2301		84875		3328
1010		2301		84875		3328
1011		2301		84875		3328
1012		2301		84875		3328
1013		2301		84875		3328
1014		2301		84875		3328
1015		2301		84875		3328
1016		2301		84875		3328
1017		2301		84875		3328
1018		2301		84875		3328
1019		2301		84875		3328
1020		2301		84875		3328
1021		2301		84875		3328
1022		2301		84875		3328
1023		2301		84875		3328
1024		2301		84875		3328
1025		2301		84875		3328
1026		2301		84875		3328
1027		2301		84875		3328
1028		2301		84875		3328
1029		2301		84875		3328
1030		2301		84875		3328
1031		2301		84875		3328
1032		2301		84875		3328
1033		2301		84875		3328
1034		2301		84875		3328
1035		2301		84875		3328
1036		2301		84875		3328
1037		2301		84875		3328
1038		2301		84875		3328
1039		2301		84875		3328
1040		2301		84875		3328
1041		2301		84875		3328
1042		2301		84875		3328
1043		2301		84875		3328
1044		2301		84875		3328
1045		2301		84875		3328
1046		2301		84875		3328
1047		2301		84875		3328
1048		2301		84875		3328
1049		2301		84875		3328
1050		2301		84875		3328
1051		2301		84875		3328
1052		2301		84875		3328
1053		2301		84875		3328
1054		2301		84875		3328
1055		2301		84875		3328
1056		2301		84875		3328
1057		2301		84875		3328
1058		2301		84875		3328
1059		2301		84875		3328
1060		2301		84875		3328
1061		2301		84875		3328
1062		2301		84875		3328
1063		2301		84875		3328
1064		2301		84875		3328
1065		2301		84875		3328
1066		2301		84875		3328
1067		2301		84875		3328
1068		2301		84875		3328
1069		2301		84875		3328
1070		2301		84875		3328
1071		2301		84875		3328
1072		2301		84875		3328
1073		2301		84875		3328
1074		2301		84875		3328
1075		2301		84875		3328
1076		2301		84875		3328
1077		2301		84875		3328
1078		2301		84875		3328
1079		2301		84875		3328
1080		2301		84875		3328
1081		2301		84875		3328
1082		2301		84875		3328
1083		2301		84875		3328
1084		2301		84875		3328
1085		2301		84875		3328
1086		2301		84875		3328
1087		2301		84875		3328
1088		2301		84875		3328
1089		2301		84875		3328
1090		2301		84875		3328
1091		2301		84875		3328
1092		2301		84875		3328
1093		2301		84875		3328
1094		2301		84875		3328
1095		2301		84875		3328
1096		2301		84875		3328
1097		2301		84875		3328
1098		2301		84875		3328
1099		2301		84875		3328
1100		2301		84875		3328
1101		2301		84875		3328
1102		2301		84875		3328
1103		2301		84875		3328
1104		2301		84875		3328
1105		2301		84875		3328
1106		2301		84875		3328
1107		2301		84875		3328
1108		2301		84875		3328
1109		2301		84875		3328
1110		2301		84875		3328
1111		2301		84875		3328
1112		2301		84875		3328
1113		2301		84875		3328
1114		2301		84875		3328
1115		2301		84875		3328
1116		2301		84875		3328
1117		2301		84875		3328
1118		2301		84875		3328
1119		2301		84875		3328
1120		2301		84875		3328
1121		2301		84875		3328
1122		2301		84875		3328
1123		2301		84875		3328
1124		2301		84875		3328
1125		2301		84875		3328
1126		2301		84875		3328
1127		2301		84875		3328
1128		2301		84875		3328
1129		2301		84875		3328
1130		2301		84875		3328
1131		2301		84875		3328
1132		2301		84875		3328
1133		2301		84875		3328
1134		2301		84875		3328
1135		2301		84875		3328
1136		2301		84875		3328
1137		2301		84875		3328
1138		2301		84875		3328
1139		2301		84875		3328
1140		2301		84875		3328
1141		2301		84875		3328
1142		2301		84875		3328
1143		2301		84875		3328
1144		2301		84875		3328
1145		2301		84875		3328
1146		2301		84875		3328
1147		2301		84875		3328
1148		2301		84875		3328
1149		2301		84875		3328
1150		2301		84875		3328
1151		2301		84875		3328
1152		2301		84875		3328
1153		2301		84875		3328
1154		2301		84875		3328
1155		2301		84875		3328
1156		2301		84875		3328
1157		2301		84875		3328
1158		2301		84875		3328
1159		2301		84875		3328
1160		2301		84875		3328
1161		2301		84875		3328
1162		2301		84875		3328
1163		2301		84875		3328
1164		2301		84875		3328
1165		2301		84875		3328
1166		2301		84875		3328
1167		2301		84875		3328
1168		2301		84875		3328
1169		2301		84875		3328
1170		2301		84875		3328
1171		2301		84875		3328
1172		2301		84875		3328
1173		2301		84875		3328
1174		2301		84875		3328
1175		2301		84875		3328
1176		2301		84875		3328
1177		2301		84875		3328
1178		2301		84875		3328
1179		2301		84875		3328
1180		2301		84875		3328
1181		2301		84875		3328
1182		2301		84875		3328
1183		2301		84875		3328
1184		2301		84875		3328
1185		2301		84875		3328
1186		2301		84875		3328
1187		2301		84875		3328
1188		2301		84875		3328
1189		2301		84875		3328
1190		2301		84875		3328
1191		2301		84875		3328
1192		2301		84875		3328
1193		2301		84875		3328
1194		2301		84875		3328
1195		2301		84875		3328
1196		2301		84875		3328
1197		2301		84875		3328
1198		2301		84875		3328
1199		2301		84875		3328
1200		2301		84875		3328
1201		2301		84875		3328
1202		2301		84875		3328
1203		2301		84875		3328
1204		2301		84875		3328
1205		2301		84875		3328
1206		2301		84875		3328
1207		2301		84875		3328
1208		2301		84875		3328
1209		2301		84875		3328
1210		2301		84875		3328
1211		2301		84875		3328
1212		2301		84875		3328
1213		2301		84875		3328
1214		2301		84875		3328
1215		2301		84875		3328
1216		2301		84875		3328
1217		2301		84875		3328
1218		2301		84875		3328
1219		2301		84875		3328
1220		2301		84875		3328
1221		2301		84875		3328
1222		2301		84875		3328
1223		2301		84875		3328
1224		2301		84875		3328
1225		2301		84875		3328
1226		2301		84875		3328
1227		2301		84875		3328
1228		2301		84875		3328
1229		2301		84875		3328
1230		2301		84875		3328
1231		2301		84875		3328
1232		2301		84875		3328
1233		2301		84875		3328
1234		2301		84875		3328
1235		2301		84875		3328
1236		2301		84875		3328
1237		2301		84875		3328
1238		2301		84875		3328
1239		2301		84875		3328
1240		2301		84875		3328
1241		2301		84875		3328
1242		2301		84875		3328
1243		2301		84875		3328
1244		2301		84875		3328
1245		2301		84875		3328
1246		2301		84875		3328
1247		2301		84875		3328
1248		2301		84875		3328
1249		2301		84875		3328
1250		2301		84875		3328
1251		2301		84875		3328
1252		2301		84875		3328
1253		2301		84875		3328
1254		2301		84875		3328
1255		2301		84875		3328
1256		2301		84875		3328
1257		2301		84875		3328
1258		2301		84875		3328
1259		2301		84875		3328
1260		2301		84875		3328
1261		2301		84875		3328
1262		2301		84875		3328
1263		2301		84875		3328
1264		2301		84875		3328
1265		2301		84875		3328
1266		2301		84875		3328
1267		2301		84875		3328
1268		2301		84875		3328
1269		2301		84875		3328
1270		2301		84875		3328
1271		2301		84875		3328
1272		2301		84875		3328
1273		2301		84875		3328
1274		2301		84875		3328
1275		2301		84875		3328
1276		2301		84875		3328
1277		2301		84875		3328
1278		2301		84875		3328
1279		2301		84875		3328
1280		2301		84875		3328
1281		2301		84875		3328
1282		2301		84875		3328
1283		2301		84875		3328
1284		2301		84875		3328
1285		2301		84875		3328
1286		2301		84875		3328
1287		2301		84875		3328
1288		2301		84875		3328
1289		2301		84875		3328
1290		2301		84875		3328
1291		2301		84875		3328
1292		2301		84875		3328
1293		2301		84875		3328
1294		2301		84875		3328
1295		2301		84875		3328
1296		2301		84875		3328
1297		2301		84875		3328
1298		2301		84875		3328
1299		2301		84875		3328
1300		2301		84875		3328
1301		2301		84875		3328
1302		2301		84875		3328
1303		2301		84875		3328
1304		2301		84875		3328
1305		2301		84875		3328
1306		2301		84875		3328
1307		2301		84875		3328
1308		2301		84875		3328
1309		2301		84875		3328
1310		2301		84875		3328
1311		2301		84875		3328
1312		2301		84875		3328
1313		2301		84875		3328
1314		2301		84875		3328
1315		2301		84875		3328
1316		2301		84875		3328
1317		2301		84875		3328
1318		2301		84875		3328
1319		2301		84875		3328
1320		2301		84875		3328
1321		2301		84875		3328
1322		2301		84875		3328
1323		2301		84875		3328
1324		2301		84875		3328
1325		2301		84875		3328
1326		2301		84875		3328
1327		2301		84875		3328
1328		2301		84875		3328
1329		2301		84875		3328
1330		2301		84875		3328
1331		2301		84875		3328
1332		2301		84875		3328
1333		2301		84875		3328
1334		2301		84875		3328
1335		2301		84875		3328
1336		2301		84875		3328
1337		2301		84875		3328
1338		2301		84875		3328
1339		2301		84875		3328
1340		2301		84875		3328
1341		2301		84875		3328
1342		2301		84875		3328
1343		2301		84875		3328
1344		2301		84875		3328
1345		2301		84875		3328
1346		2301		84875		3328
1347		2301		84875		3328
1348		2301		84875		3328
1349		2301		84875		3328
1350		2301		84875		3328
1351		2301		84875		3328
1352		2301		84875		3328
1353		2301		84875		3328
1354		2301		84875		3328
1355		2301		84875		3328
1356		2301		84875		3328
1357		2301		84875		3328
1358		2301		84875		3328
1359		2301		84875		3328
1360		2301		84875		3328
1361		2301		84875		3328
1362		2301		84875		3328
1363		2301		84875		3328
1364		2301		84875		3328
1365		2301		84875		3328
1366		2301		84875		3328
1367		2301		84875		3328
1368		2301		84875		3328
1369		2301		84875		3328
1370		2301		84875		3328
1371		2301		84875		3328
1372		2301		84875		3328
1373		2301		84875		3328
1374		2301		84875		3328
1375		2301		84875		3328
1376		2301		84875		3328
1377		2301		84875		3328
1378		2301		84875		3328
1379		2301		84875		3328
1380		2301		84875		3328
1381		2301		84875		3328
1382		2301		84875		3328
1383		2301		84875		3328
1384		2301		84875		3328
1385		2301		84875		3328
1386		2301		84875		3328
1387		2301		84875		3328
1388		2301		84875		3328
1389		2301		84875		3328
1390		2301		84875		3328
1391		2301		84875		3328
1392		2301		84875		3328
1393		2301		84875		3328
1394		2301		84875		3328
1395		2301		84875		3328
1396		2301		84875		3328
1397		2301		84875		3328
1398		2301		84875		3328
1399		2301		84875		3328
1400		2301		84875		3328
1401		2301		84875		3328
1402		2301		84875		3328
1403		2301		84875		3328
1404		2301		84875		3328
1405		2301		84875		3328
1406		2301		84875		3328
1407		2301		84875		3328
1408		2301		84875		3328
1409		2301		84875		3328
1410		2301		84875		3328
1411		2301		84875		3328
1412		2301		84875		3328
1413		2301		84875		3328
1414		2301		84875		3328
1415		2301		84875		3328
1416		2301		84875		3328
1417		2301		84875		3328
1418		2301		84875		3328
1419		2301		84875		3328
1420		2301		84875		3328
1421		2301		84875		3328
1422		2301		84875		3328
1423		2301		84875		3328
1424		2301		84875		3328
1425		2301		84875		3328
1426		2301		84875		3328
1427		2301		84875		3328
1428		2301		84875		3328
1429		2301		84875		3328
1430		2301		84875		3328
1431		2301		84875		3328
1432		2301		84875		3328
1433		2301		84875		3328
1434		2301		84875		3328
1435		2301		84875		3328
1436		2301		84875		3328
1437		2301		84875		3328
1438		2301		84875		3328
1439		2301		84875		3328
1440		2301		84875		3328
1441		2301		84875		3328
1442		2301		84875		3328
1443		2301		84875		3328
1444		2301		84875		3328
1445		2301		84875		3328
1446		2301		84875		3328
1447		2301		84875		3328
1448		2301		84875		3328
1449		2301		84875		3328
1450		2301		84875		3328
1451		2301		84875		3328
1452		2301		84875		3328
1453		2301		84875		3328
1454		2301		84875		3328
1455		2301		84875		3328
1456		2301		84875		3328
1457		2301		84875		3328
1458		2301		84875		3328
1459		2301		84875		3328
1460		2301		84875		3328
1461		2301		84875		3328
1462		2301		84875		3328
1463		2301		84875		3328
1464		2301		84875		3328
1465		2301		84875		3328
1466		2301		84875		3328
1467		2301		84875		3328
1468		2301		84875		3328
1469		2301		84875		3328
1470		2301		84875		3328
1471		2301		84875		3328
1472		2301		84875		3328
1473		2301		84875		3328
1474		2301		84875		3328
1475		2301		84875		3328
1476		2301		84875		3328
1477		2301		84875		3328
1478		2301		84875		3328
1479		2301		84875		3328
1480		2301		84875		3328
1481		2301		84875		3328
1482		2301		84875		3328
1483		2301		84875		3328
1484		2301		84875		3328
1485		2301		84875		3328
1486		2301		84875		3328
1487		2301		84875		3328
1488		2301		84875		3328
1489		2301		84875		3328
1490		2301		84875		3328
1491		2301		84875		3328
1492		2301		84875		3328
1493		2301		84875		3328
1494		2301		84875		3328
1495		2301		84875		3328
1496		2301		84875		3328
1497		2301		84875		3328
1498		2301		84875		3328
1499		2301		84875		3328
1500		2301		84875		3328
1501		2301		84875		3328
1502		2301		84875		3328
1503		2301		84875		3328
1504		2301		84875		3328
1505		2301		84875		3328
1506		2301		84875		3328
1507		2301		84875		3328
1508		2301		84875		3328
1509		2301		84875		3328
1510		2301		84875		3328
1511		2301		84875		3328
1512		2301		84875		3328
1513		2301		84875		3328
1514		2301		84875		3328
1515		2301		84875		3328
1516		2301		84875		3328
1517		2301		84875		3328
1518		2301		84875		3328
1519		2301		84875		3328
1520		2301		84875		3328
1521		2301		84875		3328
1522		2301		84875		3328
1523		2301		84875		3328
1524		2301		84875		3328
1525		2301		84875		3328
1526		2301		84875		3328
1527		2301		84875		3328
1528		2301		84875		3328
1529		2301		84875		3328
1530		2301		84875		3328
1531		2301		84875		3328
1532		2301		84875		3328
1533		2301		84875		3328
1534		2301		84875		3328
1535		2301		84875		3328
1536		2301		84875		3328
1537		2301		84875		3328
1538		2301		84875		3328
1539		2301		84875		3328
1540		2301		84875		3328
1541		2301		84875		3328
1542		2301		84875		3328
1543		2301		84875		3328
1544		2301		84875		3328
1545		2301		84875		3328
1546		2301		84875		3328
1547		2301		84875		3328
1548		2301		84875		3328
1549		2301		84875		3328
1550		2301		84875		3328
1551		2301		84875		3328
1552		2301		84875		3328
1553		2301		84875		3328
1554		2301		84875		3328
1555		2301		84875		3328
1556		2301		84875		3328
1557		2301		84875		3328
1558		2301		84875		3328
1559		2301		84875		3328
1560		2301		84875		3328
1561		2301		84875		3328
1562		2301		84875		3328
1563		2301		84875		3328
1564		2301		84875		3328
1565		2301		84875		3328
1566		2301		84875		3328
1567		2301		84875		3328
1568		2301		84875		3328
1569		2301		84875		3328
1570		2301		84875		3328
1571		2301		84875		3328
1572		2301		84875		3328
1573		2301		84875		3328
1574		2301		84875		3328
1575		2301		84875		3328
1576		2301		84875		3328
1577		2301		84875		3328
1578		2301		84875		3328
1579		2301		84875		3328
1580		2301		84875		3328
1581		2301		84875		3328
1582		2301		84875		3328
1583		2301		84875		3328
1584		2301		84875		3328
1585		2301		84875		3328
1586		2301		84875		3328
1587		2301		84875		3328
1588		2301		84875		3328
1589		2301		84875		3328
1590		2301		84875		3328
1591		2301		84875		3328
1592		2301		84875		3328
1593		2301		84875		3328
1594		2301		84875		3328
1595		2301		84875		3328
1596		2301		84875		3328
1597		2301		84875		3328
1598		2301		84875		3328
1599		2301		84875		3328
1600		2301		84875		3328
1601		2301		84875		3328
1602		2301		84875		3328
1603		2301		84875		3328
1604		2301		84875		3328
1605		2301		84875		3328
1606		2301		84875		3328
1607		2301		84875		3328
1608		2301		84875		3328
1609		2301		84875		3328
1610		2301		84875		3328
1611		2301		84875		3328
1612		2301		84875		3328
1613		2301		84875		3328
1614		2301		84875		3328
1615		2301		84875		3328
1616		2301		84875		3328
1617		2301		84875		3328
1618		2301		84875		3328
1619		2301		84875		3328
1620		2301		84875		3328
1621		2301		84875		3328
1622		2301		84875		3328
1623		2301		84875		3328
1624		2301		84875		3328
1625		2301		84875		3328
1626		2301		84875		3328
1627		2301		84875		3328
1628		2301		84875		3328
1629		2301		84875		3328
1630		2301		84875		3328
1631		2301		84875		3328
1632		2301		84875		3328
1633		2301		84875		3328
1634		2301		84875		3328
1635		2301		84875		3328
1636		2301		84875		3328
1637		2301		84875		3328
1638		2301		84875		3328
1639		2301		84875		3328
1640		2301		84875		3328
1641		2301		84875		3328
1642		2301		84875		3328
1643		2301		84875		3328
1644		2301		84875		3328
1645		2301		84875		3328
1646		2301		84875		3328
1647		2301		84875		3328
1648		2301		84875		3328
1649		2301		84875		3328
1650		2301		84875		3328
1651		2301		84875		3328
1652		2301		84875		3328
1653		2301		84875		3328
1654		2301		84875		3328
1655		2301		84875		3328
1656		2301		84875		3328
1657		2301		84875		3328
1658		2301		84875		3328
1659		2301		84875		3328
1660		2301		84875		3328
1661		2301		84875		3328
1662		2301		84875		3328
1663		2301		84875		3328
1664		2301		84875		3328
1665		2301		84875		3328
1666		2301		84875		3328
1667		2301		84875		3328
1668		2301		84875		3328
1669		2301		84875		3328
1670		2301		84875		3328
1671		2301		84875		3328
1672		2301		84875		3328
1673		2301		84875		3328
1674		2301		84875		3328
1675		2301		84875		3328
1676		2301		84875		3328
1677		2301		84875		3328
1678		2301		84875		3328
1679		2301		84875		3328
1680		2301		84875		3328
1681		2301		84875		3328
1682		2301		84875		3328
1683		2301		84875		3328
1684		2301		84875		3328
1685		2301		84875		3328
1686		2301		84875		3328
1687		2301		84875		3328
1688		2301		84875		3328
1689		2301		84875		3328
1690		2301		84875		3328
1691		2301		84875		3328
1692		2301		84875		3328
1693		2301		84875		3328
1694		2301		84875		3328
1695		2301		84875		3328
1696		2301		84875		3328
1697		2301		84875		3328
1698		2301		84875		3328
1699		2301		84875		3328
1700		2301		84875		3328
1701		2301		84875		3328
1702		2301		84875		3328
1703		2301		84875		3328
1704		2301		84875		3328
1705		2301		84875		3328
1706		2301		84875		3328
1707		2301		84875		3328
1708		2301		84875		3328
1709		2301		84875		3328
1710		2301		84875		3328
1711		2301		84875		3328
1712		2301		84875		3328
1713		2301		84875		3328
1714		2301		84875		3328
1715		2301		84875		3328
1716		2301		84875		3328
1717		2301		84875		3328
1718		2301		84875		3328
1719		2301		84875		3328
1720		2301		84875		3328
1721		2301		84875		3328
1722		2301		84875		3328
1723		2301		84875		3328
1724		2301		84875		3328
1725		2301		84875		3328
1726		2301		84875		3328
1727		2301		84875		3328
1728		2301		84875		3328
1729		2301		84875		3328
1730		2301		84875		3328
1731		2301		84875		3328
1732		2301		84875		3328
1733		2301		84875		3328
1734		2301		84875		3328
1735		2301		84875		3328
1736		2301		84875		3328
1737		2301		84875		3328
1738		2301		84875		3328
1739		2301		84875		3328
1740		2301		84875		3328
1741		2301		84875		3328
1742		2301		84875		3328
1743		2301		84875		3328
1744		2301		84875		3328
1745		2301		84875		3328
1746		2301		84875		3328
1747		2301		84875		3328
1748		2301		84875		3328
1749		2301		84875		3328
1750		2301		84875		3328
1751		2301		84875		3328
1752		2301		84875		3328
1753		2301		84875		3328
1754		2301		84875		3328
1755		2301		84875		3328
1756		2301		84875		3328
1757		2301		84875		3328
1758		2301		84875		3328
1759		2301		84875		3328
1760		2301		84875		3328
1761		2301		84875		3328
1762		2301		84875		3328
1763		2301		84875		3328
1764		2301		84875		3328
1765		2301		84875		3328
1766		2301		84875		3328
1767		2301		84875		3328
1768		2301		84875		3328
1769		2301		84875		3328
1770		2301		84875		3328
1771		2301		84875		3328
1772		2301		84875		3328
1773		2301		84875		3328
1774		2301		84875		3328
1775		2301		84875		3328
1776		2301		84875		3328
1777		2301		84875		3328
1778		2301		84875		3328
1779		2301		84875		3328
1780		2301		84875		3328
1781		2301		84875		3328
1782		2301		84875		3328
1783		2301		84875		3328
1784		2301		84875		3328
1785		2301		84875		3328
1786		2301		84875		3328
1787		2301		84875		3328
1788		2301		84875		3328
1789		2301		84875		3328
1790		2301		84875		3328
1791		2301		84875		3328
1792		2301		84875		3328
1793		2301		84875		3328
1794		2301		84875		3328
1795		2301		84875		3328
1796		2301		84875		3328
1797		2301		84875		3328
1798		2301		84875		3328
1799		2301		84875		3328
1800		2301		84875		3328
1801		2301		84875		3328
1802		2301		84875		3328
1803		2301		84875		3328
1804		2301		84875		3328
1805		2301		84875		3328
1806		2301		84875		3328
1807		2301		84875		3328
1808		2301		84875		3328
1809		2301		84875		3328
1810		2301		84875		3328
1811		2301		84875		3328
1812		2301		84875		3328
1813		2301		84875		3328
1814		2301		84875		3328
1815		2301		84875		3328
1816		2301		84875		3328
1817		2301		84875		3328
1818		2301		84875		3328
1819		2301		84875		3328
1820		2301		84875		3328
1821		2301		84875		3328
1822		2301		84875		3328
1823		2301		84875		3328
1824		2301		84875		3328
1825		2301		84875		3328
1826		2301		84875		3328
1827		2301		84875		3328
1828		2301		84875		3328
1829		2301		84875		3328
1830		2301		84875		3328
1831		2301		84875		3328
1832		2301		84875		3328
1833		2301		84875		3328
1834		2301		84875		3328
1835		2301		84875		3328
1836		2301		84875		3328
1837		2301		84875		3328
1838		2301		84875		3328
1839		2301		84875		3328
1840		2301		84875		3328
1841		2301		84875		3328
1842		2301		84875		3328
1843		2301		84875		3328
1844		2301		84875		3328
1845		2301		84875		3328
1846		2301		84875		3328
1847		2301		84875		3328
1848		2301		84875		3328
1849		2301		84875		3328
1850		2301		84875		3328
1851		2301		84875		3328
1852		2301		84875		3328
1853		2301		84875		3328
1854		2301		84875		3328
1855		2301		84875		3328
1856		2301		84875		3328
1857		2301		84875		3328
1858		2301		84875		3328
1859		2301		84875		3328
1860		2301		84875		3328
1861		2301		84875		3328
1862		2301		84875		3328
1863		2301		84875		3328
1864		2301		84875		3328
1865		2301		84875		3328
1866		2301		84875		3328
1867		2301		84875		3328
1868		2301		84875		3328
1869		2301		84875		3328
1870		2301		84875		3328
1871		2301		84875		3328
1872		2301		84875		3328
1873		2301		84875		3328
1874		2301		84875		3328
1875		2301		84875		3328
1876		2301		84875		3328
1877		2301		84875		3328
1878		2301		84875		3328
1879		2301		84875		3328
1880		2301		84875		3328
1881		2301		84875		3328
1882		2301		84875		3328
1883		2301		84875		3328
1884		2301		84875		3328
1885		2301		84875		3328
1886		2301		84875		3328
1887		2301		84875		3328
1888		2301		84875		3328
1889		2301		84875		3328
1890		2301		84875		3328
1891		2301		84875		3328
1892		2301		84875		3328
1893		2301		84875		3328
1894		2301		84875		3328
1895		2301		84875		3328
1896		2301		84875		3328
1897		2301		84875		3328
1898		2301		84875		3328
1899		2301		84875		3328
1900		2301		84875		3328
1901		2301		84875		3328
1902		2301		84875		3328
1903		2301		84875		3328
1904		2301		84875		3328
1905		2301		84875		3328
1906		2301		84875		3328
1907		2301		84875		3328
1908		2301		84875		3328
1909		2301		84875		3328
1910		2301		84875		3328
1911		2301		84875		3328
1912		2301		84875		3328
1913		2301		84875		3328
1914		2301		84875		3328
1915		2301		84875		3328
1916		2301		84875		3328
1917		2301		84875		3328
1918		2301		84875		3328
1919		2301		84875		3328
1920		2301		84875		3328
1921		2301		84875		3328
1922		2301		84875		3328
1923		2301		84875		3328
1924		2301		84875		3328
1925		2301		84875		3328
1926		2301		84875		3328
1927		2301		84875		3328
1928		2301		84875		3328
1929		2301		84875		3328
1930		2301		84875		3328
1931		2301		84875		3328
1932		2301		84875		3328
1933		2301		84875		3328
1934		2301		84875		3328
1935		2301		84875		3328
1936		2301		84875		3328
1937		2301		84875		3328
1938		2301		84875		3328
1939		2301		84875		3328
1940		2301		84875		3328
1941		2301		84875		3328
1942		2301		84875		3328
1943		2301		84875		3328
1944		2301		84875		3328
1945		2301		84875		3328
1946		2301		84875		3328
1947		2301		84875		3328
1948		2301		84875		3328
1949		2301		84875		3328
1950		2301		84875		3328
1951		2301		84875		3328
1952		2301		84875		3328
1953		2301		84875		3328
1954		2301		84875		3328
1955		2301		84875		3328
1956		2301		84875		3328
1957		2301		84875		3328
1958		2301		84875		3328
1959		2301		84875		3328
1960		2301		84875		3328
1961		2301		84875		3328
1962		2301		84875		3328
1963		2301		84875		3328
1964		2301		84875		3328
1965		2301		84875		3328
1966		2301		84875		3328
1967		2301		84875		3328
1968		2301		84875		3328
1969		2301		84875		3328
1970		2301		84875		3328
1971		2301		84875		3328
1972		2301		84875		3328
1973		2301		84875		3328
1974		2301		84875		3328
1975		2301		84875		3328
1976		2301		84875		3328
1977		2301		84875		3328
1978		2301		84875		3328
1979		2301		84875		3328
1980		2301		84875		3328
1981		2301		84875		3328
1982		2301		84875		3328
1983		2301		84875		3328
1984		2301		84875		3328
1985		2301		84875		3328
1986		2301		84875		3328
1987		2301		84875		3328
1988		2301		84875		3328
1989		2301		84875		3328
1990		2301		84875		3328
1991		2301		84875		3328
1992		2301		84875		3328
1993		2301		84875		3328
1994		2301		84875		3328
1995		2301		84875		3328
1996		2301		84875		3328
1997		2301		84875		3328
1998		2301		84875		3328
1999		2301		84875		3328
