# Migration is number of nodes that have changed color.

Round		Edge-Cut		Swaps		Migrations		Skipped
0		4819		2299		1219
1		4073		4370		1363
2		3665		6249		1355
3		3396		8018		1447
4		3284		9672		1512
5		3195		11289		1524
6		3103		12846		1540
7		3062		14312		1543
8		3013		15729		1552
9		2953		17076		1576
10		2908		18405		1576
11		2894		19696		1581
12		2839		20952		1604
13		2812		22187		1595
14		2798		23390		1616
15		2759		24534		1636
16		2741		25661		1634
17		2717		26771		1650
18		2707		27872		1657
19		2693		28951		1654
20		2680		30019		1642
21		2671		31066		1653
22		2660		32103		1655
23		2667		33127		1659
24		2653		34154		1664
25		2636		35159		1661
26		2633		36157		1658
27		2631		37151		1655
28		2620		38142		1662
29		2622		39125		1680
30		2609		40109		1680
31		2605		41076		1673
32		2598		42025		1677
33		2587		42964		1678
34		2583		43903		1683
35		2576		44842		1674
36		2563		45748		1677
37		2558		46647		1681
38		2556		47522		1679
39		2542		48383		1681
40		2537		49240		1680
41		2526		50089		1686
42		2518		50918		1695
43		2510		51734		1688
44		2501		52546		1691
45		2491		53339		1688
46		2487		54119		1686
47		2483		54891		1689
48		2479		55659		1691
49		2475		56419		1692
50		2472		57175		1697
51		2469		57925		1695
52		2464		58665		1698
53		2460		59411		1698
54		2461		60149		1700
55		2458		60884		1699
56		2462		61620		1702
57		2456		62359		1705
58		2450		63089		1702
59		2453		63818		1701
60		2450		64547		1699
61		2451		65271		1698
62		2448		65994		1702
63		2450		66730		1699
64		2447		67458		1709
65		2449		68180		1706
66		2446		68906		1705
67		2441		69635		1705
68		2442		70351		1702
69		2439		71066		1699
70		2433		71783		1703
71		2432		72485		1702
72		2423		73188		1703
73		2422		73878		1700
74		2420		74564		1703
75		2419		75246		1703
76		2417		75927		1705
77		2415		76606		1705
78		2412		77282		1703
79		2410		77954		1704
80		2406		78620		1701
81		2400		79283		1704
82		2399		79934		1704
83		2397		80586		1704
84		2396		81233		1705
85		2395		81878		1705
86		2395		82521		1707
87		2393		83161		1708
88		2393		83799		1708
89		2393		84437		1707
90		2390		85077		1706
91		2387		85711		1706
92		2387		86341		1706
93		2385		86969		1704
94		2387		87596		1700
95		2384		88224		1702
96		2379		88845		1700
97		2378		89454		1701
98		2377		90063		1701
99		2374		90668		1701
100		2370		91270		1702
101		2365		91863		1706
102		2363		92446		1706
103		2362		93024		1708
104		2362		93602		1712
105		2358		94178		1709
106		2355		94746		1710
107		2353		95313		1710
108		2353		95875		1714
109		2349		96435		1714
110		2347		96993		1714
111		2344		97545		1714
112		2343		98092		1714
113		2341		98638		1716
114		2341		99180		1716
115		2339		99722		1717
116		2340		100261		1716
117		2339		100800		1718
118		2339		101338		1718
119		2338		101877		1717
120		2339		102413		1718
121		2334		102952		1717
122		2334		103480		1717
123		2334		104010		1717
124		2332		104538		1719
125		2332		105064		1719
126		2331		105591		1720
127		2329		106115		1720
128		2329		106635		1720
129		2327		107157		1719
130		2326		107672		1720
131		2324		108184		1719
132		2323		108693		1721
133		2323		109201		1721
134		2321		109711		1722
135		2321		110213		1721
136		2320		110714		1721
137		2320		111214		1721
138		2317		111711		1723
139		2314		112202		1723
140		2312		112691		1722
141		2311		113178		1723
142		2311		113662		1723
143		2311		114146		1723
144		2309		114632		1722
145		2307		115110		1723
146		2304		115585		1725
147		2302		116053		1727
148		2301		116518		1728
149		2300		116982		1727
150		2297		117445		1727
151		2297		117903		1727
152		2296		118362		1728
153		2295		118820		1729
154		2294		119276		1729
155		2293		119732		1729
156		2293		120187		1729
157		2293		120643		1729
158		2292		121098		1729
159		2291		121551		1727
160		2287		122001		1727
161		2285		122445		1727
162		2283		122885		1729
163		2283		123323		1729
164		2283		123761		1729
165		2282		124198		1730
166		2281		124635		1729
167		2280		125068		1729
168		2279		125501		1727
169		2278		125932		1727
170		2277		126359		1727
171		2275		126783		1730
172		2275		127205		1730
173		2274		127628		1731
174		2274		128048		1731
175		2275		128469		1731
176		2273		128889		1730
177		2273		129309		1730
178		2272		129730		1730
179		2272		130148		1730
180		2271		130567		1731
181		2271		130983		1731
182		2269		131399		1732
183		2268		131812		1731
184		2268		132222		1731
185		2268		132632		1731
186		2268		133042		1731
187		2268		133452		1731
188		2268		133862		1731
189		2267		134271		1730
190		2266		134680		1730
191		2266		135086		1730
192		2265		135491		1729
193		2265		135895		1729
194		2264		136298		1730
195		2263		136699		1729
196		2262		137098		1730
197		2260		137494		1730
198		2258		137888		1731
199		2258		138278		1731
200		2257		138669		1731
201		2256		139056		1731
202		2255		139443		1730
203		2254		139826		1732
204		2254		140208		1732
205		2250		140590		1734
206		2249		140963		1733
207		2249		141335		1733
208		2248		141706		1733
209		2247		142077		1735
210		2244		142444		1735
211		2243		142806		1737
212		2242		143164		1736
213		2240		143522		1736
214		2239		143875		1736
215		2239		144227		1736
216		2238		144578		1737
217		2236		144930		1736
218		2236		145276		1736
219		2235		145623		1736
220		2235		145967		1736
221		2233		146313		1738
222		2230		146655		1739
223		2230		146991		1739
224		2229		147326		1740
225		2227		147660		1743
226		2225		147990		1745
227		2225		148316		1745
228		2224		148643		1744
229		2223		148968		1744
230		2221		149292		1744
231		2220		149609		1744
232		2220		149925		1744
233		2220		150241		1744
234		2220		150557		1744
235		2220		150873		1744
236		2218		151187		1743
237		2218		151499		1743
238		2218		151811		1743
239		2217		152124		1743
240		2216		152433		1745
241		2216		152741		1745
242		2214		153051		1743
243		2214		153355		1743
244		2213		153658		1744
245		2212		153959		1744
246		2212		154259		1744
247		2211		154560		1745
248		2211		154858		1745
249		2211		155156		1745
250		2211		155454		1745
251		2210		155753		1745
252		2208		156049		1745
253		2206		156343		1744
254		2205		156632		1744
255		2205		156918		1744
256		2205		157204		1744
257		2204		157489		1742
258		2204		157773		1742
259		2203		158056		1743
260		2203		158338		1743
261		2202		158621		1744
262		2201		158900		1744
263		2201		159178		1744
264		2200		159457		1746
265		2200		159733		1746
266		2200		160009		1746
267		2198		160285		1747
268		2198		160557		1747
269		2197		160828		1748
270		2197		161098		1748
271		2195		161366		1748
272		2195		161632		1748
273		2194		161899		1749
274		2193		162162		1748
275		2192		162423		1748
276		2191		162684		1749
277		2191		162942		1749
278		2191		163200		1749
279		2190		163457		1750
280		2190		163713		1750
281		2189		163970		1750
282		2189		164224		1750
283		2189		164478		1750
284		2189		164732		1750
285		2189		164986		1750
286		2187		165240		1751
287		2186		165491		1752
288		2184		165739		1752
289		2184		165983		1752
290		2183		166228		1751
291		2184		166472		1752
292		2183		166716		1752
293		2181		166962		1752
294		2181		167202		1752
295		2181		167442		1752
296		2181		167682		1752
297		2181		167922		1752
298		2180		168161		1751
299		2180		168399		1751
300		2180		168637		1751
301		2178		168877		1750
302		2177		169112		1751
303		2175		169346		1749
304		2175		169574		1749
305		2174		169803		1748
306		2172		170029		1751
307		2172		170251		1751
308		2172		170473		1751
309		2172		170695		1751
310		2171		170916		1749
311		2171		171136		1749
312		2171		171356		1749
313		2171		171576		1749
314		2171		171796		1749
315		2171		172016		1749
316		2170		172235		1751
317		2169		172454		1752
318		2170		172674		1752
319		2170		172892		1752
320		2170		173110		1752
321		2170		173328		1752
322		2169		173547		1753
323		2169		173763		1753
324		2167		173979		1752
325		2167		174191		1752
326		2167		174403		1752
327		2167		174615		1752
328		2167		174827		1752
329		2167		175039		1752
330		2166		175252		1751
331		2166		175462		1751
332		2166		175672		1751
333		2165		175883		1752
334		2165		176091		1752
335		2165		176299		1752
336		2165		176507		1752
337		2165		176715		1752
338		2165		176923		1752
339		2165		177131		1752
340		2165		177339		1752
341		2165		177547		1752
342		2165		177755		1752
343		2165		177963		1752
344		2165		178171		1752
345		2165		178379		1752
346		2164		178588		1751
347		2164		178794		1751
348		2164		179000		1751
349		2164		179206		1751
350		2164		179412		1751
351		2164		179618		1751
352		2163		179823		1751
353		2163		180027		1751
354		2163		180231		1751
355		2163		180435		1751
356		2163		180639		1751
357		2162		180844		1751
358		2162		181046		1751
359		2162		181248		1751
360		2162		181450		1751
361		2162		181652		1751
362		2162		181854		1751
363		2162		182056		1751
364		2162		182258		1751
365		2162		182460		1751
366		2162		182662		1751
367		2161		182865		1751
368		2160		183064		1752
369		2160		183262		1752
370		2160		183460		1752
371		2159		183657		1752
372		2159		183853		1752
373		2158		184050		1754
374		2158		184244		1754
375		2158		184438		1754
376		2158		184632		1754
377		2157		184827		1755
378		2156		185018		1756
379		2156		185208		1756
380		2156		185398		1756
381		2156		185588		1756
382		2156		185778		1756
383		2156		185968		1756
384		2156		186158		1756
385		2156		186348		1756
386		2155		186539		1755
387		2155		186727		1755
388		2155		186915		1755
389		2155		187103		1755
390		2155		187291		1755
391		2154		187478		1757
392		2154		187664		1757
393		2154		187850		1757
394		2154		188036		1757
395		2154		188222		1757
396		2154		188408		1757
397		2154		188594		1757
398		2153		188781		1757
399		2153		188965		1757
400		2152		189150		1756
401		2152		189332		1756
402		2152		189514		1756
403		2152		189696		1756
404		2152		189878		1756
405		2152		190060		1756
406		2152		190242		1756
407		2152		190424		1756
408		2152		190606		1756
409		2152		190788		1756
410		2152		190970		1756
411		2152		191152		1756
412		2152		191334		1756
413		2152		191516		1756
414		2152		191698		1756
415		2152		191880		1756
416		2152		192062		1756
417		2151		192245		1755
418		2151		192425		1755
419		2151		192605		1755
420		2151		192785		1755
421		2151		192965		1755
422		2151		193145		1755
423		2151		193325		1755
424		2151		193505		1755
425		2151		193685		1755
426		2151		193865		1755
427		2151		194045		1755
428		2150		194226		1755
429		2150		194404		1755
430		2150		194582		1755
431		2148		194760		1754
432		2148		194934		1754
433		2148		195108		1754
434		2148		195282		1754
435		2148		195456		1754
436		2148		195630		1754
437		2148		195804		1754
438		2148		195978		1754
439		2148		196152		1754
440		2148		196326		1754
441		2148		196500		1754
442		2148		196674		1754
443		2148		196848		1754
444		2148		197022		1754
445		2147		197195		1755
446		2147		197367		1755
447		2147		197539		1755
448		2147		197711		1755
449		2147		197883		1755
450		2147		198055		1755
451		2147		198227		1755
452		2147		198399		1755
453		2147		198571		1755
454		2147		198743		1755
455		2147		198915		1755
456		2147		199087		1755
457		2147		199259		1755
458		2147		199431		1755
459		2147		199603		1755
460		2147		199775		1755
461		2147		199947		1755
462		2147		200119		1755
463		2147		200291		1755
464		2147		200463		1755
465		2147		200635		1755
466		2147		200807		1755
467		2147		200979		1755
468		2147		201151		1755
469		2147		201323		1755
470		2147		201495		1755
471		2147		201667		1755
472		2147		201839		1755
473		2147		202011		1755
474		2147		202183		1755
475		2147		202355		1755
476		2147		202527		1755
477		2147		202699		1755
478		2147		202871		1755
479		2147		203043		1755
480		2147		203215		1755
481		2147		203387		1755
482		2147		203559		1755
483		2147		203731		1755
484		2147		203903		1755
485		2147		204075		1755
486		2147		204247		1755
487		2147		204419		1755
488		2147		204591		1755
489		2147		204763		1755
490		2146		204934		1755
491		2146		205104		1755
492		2146		205274		1755
493		2146		205444		1755
494		2146		205614		1755
495		2146		205784		1755
496		2144		205956		1755
497		2144		206126		1755
498		2144		206296		1755
499		2144		206466		1755
500		2144		206636		1755
501		2144		206806		1755
502		2144		206976		1755
503		2144		207146		1755
504		2144		207316		1755
505		2144		207486		1755
506		2144		207656		1755
507		2144		207826		1755
508		2144		207996		1755
509		2143		208165		1753
510		2143		208333		1753
511		2142		208500		1754
512		2142		208666		1754
513		2142		208832		1754
514		2142		208998		1754
515		2142		209164		1754
516		2142		209330		1754
517		2142		209496		1754
518		2142		209662		1754
519		2142		209828		1754
520		2142		209994		1754
521		2140		210158		1757
522		2140		210320		1757
523		2139		210481		1757
524		2139		210641		1757
525		2139		210801		1757
526		2139		210961		1757
527		2139		211121		1757
528		2139		211281		1757
529		2139		211441		1757
530		2139		211601		1757
531		2139		211763		1757
532		2139		211923		1757
533		2139		212083		1757
534		2138		212242		1757
535		2138		212402		1757
536		2138		212562		1757
537		2138		212722		1757
538		2138		212882		1757
539		2138		213042		1757
540		2138		213202		1757
541		2138		213362		1757
542		2138		213522		1757
543		2138		213682		1757
544		2138		213842		1757
545		2138		214002		1757
546		2138		214162		1757
547		2138		214322		1757
548		2138		214482		1757
549		2138		214642		1757
550		2138		214802		1757
551		2138		214962		1757
552		2138		215122		1757
553		2138		215282		1757
554		2138		215442		1757
555		2138		215602		1757
556		2137		215761		1757
557		2137		215919		1757
558		2137		216077		1757
559		2137		216235		1757
560		2137		216393		1757
561		2137		216551		1757
562		2137		216709		1757
563		2137		216867		1757
564		2137		217025		1757
565		2137		217183		1757
566		2136		217340		1757
567		2136		217496		1757
568		2136		217652		1757
569		2136		217808		1757
570		2136		217964		1757
571		2136		218120		1757
572		2134		218276		1758
573		2134		218428		1758
574		2134		218580		1758
575		2134		218732		1758
576		2134		218884		1758
577		2134		219036		1758
578		2134		219188		1758
579		2134		219340		1758
580		2134		219492		1758
581		2134		219644		1758
582		2134		219796		1758
583		2134		219948		1758
584		2134		220100		1758
585		2134		220252		1758
586		2134		220404		1758
587		2134		220556		1758
588		2134		220708		1758
589		2134		220860		1758
590		2134		221012		1758
591		2134		221164		1758
592		2134		221316		1758
593		2134		221468		1758
594		2134		221620		1758
595		2134		221772		1758
596		2133		221925		1758
597		2133		222075		1758
598		2133		222225		1758
599		2133		222375		1758
600		2133		222525		1758
601		2133		222675		1758
602		2133		222825		1758
603		2132		222974		1760
604		2132		223122		1760
605		2132		223270		1760
606		2132		223418		1760
607		2132		223566		1760
608		2132		223714		1760
609		2132		223862		1760
610		2132		224010		1760
611		2132		224158		1760
612		2132		224306		1760
613		2132		224454		1760
614		2132		224602		1760
615		2132		224750		1760
616		2132		224898		1760
617		2132		225046		1760
618		2132		225194		1760
619		2131		225341		1760
620		2131		225487		1760
621		2131		225633		1760
622		2131		225779		1760
623		2131		225925		1760
624		2131		226071		1760
625		2131		226217		1760
626		2131		226363		1760
627		2131		226509		1760
628		2131		226655		1760
629		2131		226801		1760
630		2131		226947		1760
631		2131		227093		1760
632		2131		227239		1760
633		2131		227385		1760
634		2131		227531		1760
635		2131		227677		1760
636		2131		227823		1760
637		2131		227969		1760
638		2131		228115		1760
639		2131		228261		1760
640		2131		228407		1760
641		2131		228553		1760
642		2131		228699		1760
643		2131		228845		1760
644		2131		228991		1760
645		2131		229137		1760
646		2131		229283		1760
647		2131		229429		1760
648		2131		229575		1760
649		2131		229721		1760
650		2131		229867		1760
651		2130		230012		1759
652		2130		230156		1759
653		2130		230300		1759
654		2130		230444		1759
655		2130		230588		1759
656		2130		230732		1759
657		2130		230876		1759
658		2130		231020		1759
659		2130		231164		1759
660		2129		231307		1760
661		2129		231449		1760
662		2129		231591		1760
663		2129		231733		1760
664		2129		231875		1760
665		2129		232017		1760
666		2129		232159		1760
667		2129		232301		1760
668		2129		232443		1760
669		2129		232585		1760
670		2129		232727		1760
671		2129		232869		1760
672		2129		233011		1760
673		2129		233153		1760
674		2129		233295		1760
675		2129		233437		1760
676		2129		233579		1760
677		2129		233721		1760
678		2129		233863		1760
679		2129		234005		1760
680		2129		234147		1760
681		2129		234289		1760
682		2129		234431		1760
683		2129		234573		1760
684		2129		234715		1760
685		2129		234857		1760
686		2129		234999		1760
687		2129		235141		1760
688		2129		235283		1760
689		2129		235425		1760
690		2129		235567		1760
691		2128		235708		1760
692		2128		235848		1760
693		2128		235988		1760
694		2128		236128		1760
695		2128		236268		1760
696		2128		236408		1760
697		2128		236548		1760
698		2128		236688		1760
699		2128		236828		1760
700		2128		236968		1760
701		2128		237108		1760
702		2128		237248		1760
703		2128		237388		1760
704		2128		237528		1760
705		2128		237668		1760
706		2128		237808		1760
707		2128		237948		1760
708		2128		238088		1760
709		2128		238228		1760
710		2128		238368		1760
711		2128		238508		1760
712		2128		238648		1760
713		2128		238788		1760
714		2128		238928		1760
715		2128		239068		1760
716		2128		239208		1760
717		2128		239348		1760
718		2128		239488		1760
719		2128		239628		1760
720		2128		239768		1760
721		2128		239908		1760
722		2128		240048		1760
723		2128		240188		1760
724		2128		240328		1760
725		2128		240468		1760
726		2128		240608		1760
727		2128		240748		1760
728		2128		240888		1760
729		2128		241028		1760
730		2128		241168		1760
731		2128		241308		1760
732		2128		241448		1760
733		2128		241588		1760
734		2128		241728		1760
735		2128		241868		1760
736		2128		242008		1760
737		2128		242148		1760
738		2128		242288		1760
739		2128		242428		1760
740		2128		242568		1760
741		2128		242708		1760
742		2128		242848		1760
743		2128		242988		1760
744		2128		243128		1760
745		2128		243268		1760
746		2128		243408		1760
747		2128		243548		1760
748		2128		243688		1760
749		2128		243828		1760
750		2128		243968		1760
751		2128		244108		1760
752		2128		244248		1760
753		2128		244388		1760
754		2128		244528		1760
755		2128		244668		1760
756		2128		244808		1760
757		2128		244948		1760
758		2128		245088		1760
759		2128		245228		1760
760		2128		245368		1760
761		2128		245508		1760
762		2128		245648		1760
763		2128		245788		1760
764		2128		245928		1760
765		2128		246068		1760
766		2128		246208		1760
767		2128		246348		1760
768		2128		246488		1760
769		2128		246628		1760
770		2128		246768		1760
771		2128		246908		1760
772		2128		247048		1760
773		2128		247188		1760
774		2128		247328		1760
775		2128		247468		1760
776		2128		247608		1760
777		2128		247748		1760
778		2128		247888		1760
779		2128		248028		1760
780		2128		248168		1760
781		2128		248308		1760
782		2128		248448		1760
783		2127		248589		1760
784		2127		248727		1760
785		2127		248865		1760
786		2127		249003		1760
787		2127		249141		1760
788		2127		249279		1760
789		2127		249417		1760
790		2127		249555		1760
791		2127		249693		1760
792		2127		249831		1760
793		2127		249969		1760
794		2127		250107		1760
795		2127		250245		1760
796		2127		250383		1760
797		2127		250521		1760
798		2127		250659		1760
799		2127		250797		1760
800		2127		250935		1760
801		2127		251073		1760
802		2127		251211		1760
803		2127		251349		1760
804		2127		251487		1760
805		2127		251625		1760
806		2127		251763		1760
807		2127		251901		1760
808		2127		252039		1760
809		2127		252177		1760
810		2127		252315		1760
811		2127		252453		1760
812		2127		252591		1760
813		2127		252729		1760
814		2127		252867		1760
815		2127		253005		1760
816		2127		253143		1760
817		2127		253281		1760
818		2127		253419		1760
819		2127		253557		1760
820		2127		253695		1760
821		2127		253833		1760
822		2127		253971		1760
823		2127		254109		1760
824		2127		254247		1760
825		2127		254385		1760
826		2127		254523		1760
827		2127		254661		1760
828		2127		254799		1760
829		2127		254937		1760
830		2127		255075		1760
831		2127		255213		1760
832		2127		255351		1760
833		2127		255489		1760
834		2127		255627		1760
835		2127		255765		1760
836		2127		255903		1760
837		2127		256041		1760
838		2127		256179		1760
839		2127		256317		1760
840		2127		256455		1760
841		2127		256593		1760
842		2127		256731		1760
843		2127		256869		1760
844		2127		257007		1760
845		2127		257145		1760
846		2127		257283		1760
847		2127		257421		1760
848		2127		257559		1760
849		2127		257697		1760
850		2127		257835		1760
851		2127		257973		1760
852		2127		258111		1760
853		2127		258249		1760
854		2127		258387		1760
855		2127		258525		1760
856		2127		258663		1760
857		2127		258801		1760
858		2127		258939		1760
859		2127		259077		1760
860		2127		259215		1760
861		2127		259353		1760
862		2127		259491		1760
863		2127		259629		1760
864		2127		259767		1760
865		2127		259905		1760
866		2127		260043		1760
867		2127		260181		1760
868		2127		260319		1760
869		2127		260457		1760
870		2127		260595		1760
871		2127		260733		1760
872		2127		260871		1760
873		2127		261009		1760
874		2127		261147		1760
875		2127		261285		1760
876		2127		261423		1760
877		2127		261561		1760
878		2126		261698		1761
879		2126		261834		1761
880		2126		261970		1761
881		2126		262106		1761
882		2126		262242		1761
883		2125		262379		1761
884		2125		262517		1761
885		2125		262655		1761
886		2125		262793		1761
887		2125		262931		1761
888		2125		263069		1761
889		2125		263207		1761
890		2125		263345		1761
891		2125		263483		1761
892		2125		263621		1761
893		2125		263759		1761
894		2125		263897		1761
895		2125		264035		1761
896		2125		264173		1761
897		2125		264311		1761
898		2125		264449		1761
899		2125		264587		1761
900		2125		264725		1761
901		2125		264863		1761
902		2125		265001		1761
903		2125		265139		1761
904		2125		265277		1761
905		2125		265415		1761
906		2125		265553		1761
907		2125		265691		1761
908		2125		265829		1761
909		2125		265967		1761
910		2125		266105		1761
911		2125		266243		1761
912		2125		266381		1761
913		2125		266519		1761
914		2125		266657		1761
915		2125		266795		1761
916		2124		266932		1760
917		2124		267068		1760
918		2124		267204		1760
919		2124		267340		1760
920		2124		267477		1759
921		2124		267613		1759
922		2124		267749		1759
923		2124		267885		1759
924		2124		268021		1759
925		2124		268157		1759
926		2124		268293		1759
927		2124		268429		1759
928		2124		268565		1759
929		2124		268701		1759
930		2124		268837		1759
931		2124		268973		1759
932		2124		269109		1759
933		2124		269245		1759
934		2124		269381		1759
935		2124		269517		1759
936		2124		269653		1759
937		2124		269789		1759
938		2124		269925		1759
939		2124		270061		1759
940		2124		270197		1759
941		2124		270333		1759
942		2124		270469		1759
943		2124		270605		1759
944		2124		270741		1759
945		2124		270877		1759
946		2124		271013		1759
947		2124		271149		1759
948		2124		271285		1759
949		2124		271421		1759
950		2124		271557		1759
951		2124		271693		1759
952		2124		271829		1759
953		2124		271965		1759
954		2124		272101		1759
955		2124		272237		1759
956		2124		272373		1759
957		2124		272509		1759
958		2124		272645		1759
959		2124		272781		1759
960		2124		272917		1759
961		2124		273053		1759
962		2124		273189		1759
963		2124		273325		1759
964		2124		273461		1759
965		2124		273597		1759
966		2124		273733		1759
967		2124		273869		1759
968		2124		274005		1759
969		2124		274141		1759
970		2124		274277		1759
971		2124		274413		1759
972		2124		274549		1759
973		2123		274686		1759
974		2124		274822		1758
975		2124		274959		1758
976		2123		275098		1758
977		2123		275234		1758
978		2123		275370		1758
979		2123		275506		1758
980		2123		275642		1758
981		2123		275778		1758
982		2123		275914		1758
983		2123		276050		1758
984		2123		276186		1758
985		2123		276322		1758
986		2123		276458		1758
987		2123		276594		1758
988		2123		276730		1758
989		2123		276866		1758
990		2123		277002		1758
991		2123		277138		1758
992		2123		277274		1758
993		2123		277410		1758
994		2123		277546		1758
995		2123		277682		1758
996		2123		277818		1758
997		2123		277954		1758
998		2123		278090		1758
999		2123		278226		1758
1000		2123		278362		1758
1001		2123		278498		1758
1002		2123		278634		1758
1003		2123		278770		1758
1004		2123		278906		1758
1005		2123		279042		1758
1006		2123		279178		1758
1007		2123		279314		1758
1008		2123		279450		1758
1009		2123		279586		1758
1010		2123		279722		1758
1011		2123		279858		1758
1012		2123		279994		1758
1013		2123		280130		1758
1014		2123		280266		1758
1015		2123		280402		1758
1016		2123		280538		1758
1017		2123		280674		1758
1018		2123		280810		1758
1019		2123		280946		1758
1020		2123		281082		1758
1021		2123		281218		1758
1022		2123		281354		1758
1023		2123		281490		1758
1024		2123		281626		1758
1025		2123		281762		1758
1026		2123		281898		1758
1027		2123		282034		1758
1028		2123		282170		1758
1029		2123		282306		1758
1030		2123		282442		1758
1031		2123		282578		1758
1032		2123		282714		1758
1033		2123		282850		1758
1034		2123		282986		1758
1035		2123		283122		1758
1036		2123		283258		1758
1037		2123		283394		1758
1038		2123		283530		1758
1039		2123		283666		1758
1040		2123		283802		1758
1041		2123		283938		1758
1042		2123		284074		1758
1043		2123		284210		1758
1044		2123		284346		1758
1045		2123		284482		1758
1046		2123		284618		1758
1047		2123		284754		1758
1048		2123		284890		1758
1049		2123		285026		1758
1050		2123		285162		1758
1051		2123		285298		1758
1052		2123		285434		1758
1053		2123		285570		1758
1054		2123		285706		1758
1055		2123		285842		1758
1056		2123		285978		1758
1057		2123		286114		1758
1058		2123		286250		1758
1059		2123		286386		1758
1060		2123		286522		1758
1061		2123		286658		1758
1062		2123		286794		1758
1063		2123		286930		1758
1064		2123		287066		1758
1065		2123		287202		1758
1066		2123		287338		1758
1067		2123		287474		1758
1068		2123		287610		1758
1069		2123		287746		1758
1070		2123		287882		1758
1071		2123		288018		1758
1072		2123		288154		1758
1073		2123		288290		1758
1074		2123		288426		1758
1075		2123		288562		1758
1076		2123		288698		1758
1077		2123		288834		1758
1078		2123		288970		1758
1079		2123		289106		1758
1080		2123		289242		1758
1081		2123		289378		1758
1082		2123		289514		1758
1083		2123		289650		1758
1084		2123		289786		1758
1085		2123		289922		1758
1086		2123		290058		1758
1087		2123		290194		1758
1088		2123		290330		1758
1089		2123		290466		1758
1090		2123		290602		1758
1091		2123		290738		1758
1092		2123		290874		1758
1093		2123		291010		1758
1094		2123		291146		1758
1095		2123		291282		1758
1096		2123		291418		1758
1097		2123		291554		1758
1098		2123		291690		1758
1099		2123		291826		1758
1100		2123		291962		1758
1101		2123		292098		1758
1102		2123		292234		1758
1103		2123		292370		1758
1104		2123		292506		1758
1105		2123		292642		1758
1106		2123		292778		1758
1107		2123		292914		1758
1108		2123		293050		1758
1109		2123		293186		1758
1110		2123		293322		1758
1111		2123		293458		1758
1112		2123		293594		1758
1113		2123		293730		1758
1114		2123		293866		1758
1115		2123		294002		1758
1116		2123		294138		1758
1117		2123		294274		1758
1118		2123		294410		1758
1119		2123		294546		1758
1120		2123		294682		1758
1121		2123		294818		1758
1122		2123		294954		1758
1123		2123		295090		1758
1124		2123		295226		1758
1125		2123		295362		1758
1126		2123		295498		1758
1127		2123		295634		1758
1128		2123		295770		1758
1129		2123		295906		1758
1130		2123		296042		1758
1131		2123		296178		1758
1132		2123		296314		1758
1133		2123		296450		1758
1134		2123		296586		1758
1135		2123		296722		1758
1136		2123		296858		1758
1137		2123		296994		1758
1138		2123		297130		1758
1139		2123		297266		1758
1140		2123		297402		1758
1141		2123		297538		1758
1142		2123		297674		1758
1143		2123		297810		1758
1144		2123		297946		1758
1145		2123		298082		1758
1146		2123		298218		1758
1147		2123		298354		1758
1148		2123		298490		1758
1149		2123		298626		1758
1150		2123		298762		1758
1151		2123		298898		1758
1152		2123		299034		1758
1153		2123		299170		1758
1154		2123		299306		1758
1155		2123		299442		1758
1156		2123		299578		1758
1157		2123		299714		1758
1158		2123		299850		1758
1159		2123		299986		1758
1160		2123		300122		1758
1161		2123		300258		1758
1162		2123		300394		1758
1163		2123		300530		1758
1164		2123		300666		1758
1165		2123		300802		1758
1166		2123		300938		1758
1167		2123		301074		1758
1168		2123		301210		1758
1169		2123		301346		1758
1170		2123		301482		1758
1171		2123		301618		1758
1172		2123		301754		1758
1173		2123		301890		1758
1174		2123		302026		1758
1175		2123		302162		1758
1176		2123		302298		1758
1177		2123		302434		1758
1178		2123		302570		1758
1179		2123		302706		1758
1180		2123		302842		1758
1181		2123		302978		1758
1182		2123		303114		1758
1183		2123		303250		1758
1184		2123		303386		1758
1185		2123		303522		1758
1186		2123		303658		1758
1187		2123		303794		1758
1188		2123		303930		1758
1189		2123		304066		1758
1190		2123		304202		1758
1191		2123		304338		1758
1192		2123		304474		1758
1193		2123		304610		1758
1194		2123		304746		1758
1195		2123		304882		1758
1196		2123		305018		1758
1197		2123		305154		1758
1198		2123		305290		1758
1199		2123		305426		1758
1200		2123		305562		1758
1201		2123		305698		1758
1202		2123		305834		1758
1203		2123		305970		1758
1204		2123		306106		1758
1205		2123		306242		1758
1206		2123		306378		1758
1207		2123		306514		1758
1208		2123		306650		1758
1209		2123		306786		1758
1210		2123		306922		1758
1211		2123		307058		1758
1212		2123		307194		1758
1213		2123		307330		1758
1214		2123		307466		1758
1215		2123		307602		1758
1216		2123		307738		1758
1217		2123		307874		1758
1218		2123		308010		1758
1219		2123		308146		1758
1220		2123		308282		1758
1221		2123		308418		1758
1222		2123		308554		1758
1223		2123		308690		1758
1224		2123		308826		1758
1225		2123		308962		1758
1226		2123		309098		1758
1227		2123		309234		1758
1228		2123		309370		1758
1229		2123		309506		1758
1230		2123		309642		1758
1231		2123		309778		1758
1232		2123		309914		1758
1233		2123		310050		1758
1234		2123		310186		1758
1235		2123		310322		1758
1236		2123		310458		1758
1237		2123		310594		1758
1238		2123		310730		1758
1239		2123		310866		1758
1240		2123		311002		1758
1241		2123		311138		1758
1242		2123		311274		1758
1243		2123		311410		1758
1244		2123		311546		1758
1245		2123		311682		1758
1246		2123		311818		1758
1247		2123		311954		1758
1248		2123		312090		1758
1249		2123		312226		1758
1250		2123		312362		1758
1251		2123		312498		1758
1252		2123		312634		1758
1253		2123		312770		1758
1254		2123		312906		1758
1255		2123		313042		1758
1256		2123		313178		1758
1257		2123		313314		1758
1258		2123		313450		1758
1259		2123		313586		1758
1260		2123		313722		1758
1261		2123		313858		1758
1262		2123		313994		1758
1263		2123		314130		1758
1264		2123		314266		1758
1265		2123		314402		1758
1266		2123		314538		1758
1267		2123		314674		1758
1268		2123		314810		1758
1269		2123		314946		1758
1270		2123		315082		1758
1271		2123		315218		1758
1272		2123		315354		1758
1273		2123		315490		1758
1274		2123		315626		1758
1275		2123		315762		1758
1276		2123		315898		1758
1277		2123		316034		1758
1278		2123		316170		1758
1279		2123		316306		1758
1280		2123		316442		1758
1281		2123		316578		1758
1282		2123		316714		1758
1283		2123		316850		1758
1284		2123		316986		1758
1285		2123		317122		1758
1286		2123		317258		1758
1287		2123		317394		1758
1288		2123		317530		1758
1289		2123		317666		1758
1290		2123		317802		1758
1291		2123		317938		1758
1292		2123		318074		1758
1293		2123		318210		1758
1294		2123		318346		1758
1295		2123		318482		1758
1296		2123		318618		1758
1297		2123		318754		1758
1298		2123		318890		1758
1299		2123		319026		1758
1300		2123		319162		1758
1301		2123		319298		1758
1302		2123		319434		1758
1303		2123		319570		1758
1304		2123		319706		1758
1305		2123		319842		1758
1306		2123		319978		1758
1307		2123		320114		1758
1308		2123		320250		1758
1309		2123		320386		1758
1310		2123		320522		1758
1311		2123		320658		1758
1312		2123		320794		1758
1313		2123		320930		1758
1314		2123		321066		1758
1315		2123		321202		1758
1316		2123		321338		1758
1317		2123		321474		1758
1318		2123		321610		1758
1319		2123		321746		1758
1320		2123		321882		1758
1321		2123		322018		1758
1322		2123		322154		1758
1323		2123		322290		1758
1324		2123		322426		1758
1325		2123		322562		1758
1326		2123		322698		1758
1327		2123		322834		1758
1328		2123		322970		1758
1329		2123		323106		1758
1330		2123		323242		1758
1331		2123		323378		1758
1332		2123		323514		1758
1333		2123		323650		1758
1334		2123		323786		1758
1335		2123		323922		1758
1336		2123		324058		1758
1337		2123		324194		1758
1338		2123		324330		1758
1339		2123		324466		1758
1340		2123		324602		1758
1341		2123		324738		1758
1342		2123		324874		1758
1343		2123		325010		1758
1344		2123		325146		1758
1345		2123		325282		1758
1346		2123		325418		1758
1347		2123		325554		1758
1348		2123		325690		1758
1349		2123		325826		1758
1350		2123		325962		1758
1351		2123		326098		1758
1352		2123		326234		1758
1353		2123		326370		1758
1354		2123		326506		1758
1355		2123		326642		1758
1356		2123		326778		1758
1357		2123		326914		1758
1358		2123		327050		1758
1359		2123		327186		1758
1360		2123		327322		1758
1361		2123		327458		1758
1362		2123		327594		1758
1363		2123		327730		1758
1364		2123		327866		1758
1365		2123		328002		1758
1366		2123		328138		1758
1367		2123		328274		1758
1368		2123		328410		1758
1369		2123		328546		1758
1370		2123		328682		1758
1371		2123		328818		1758
1372		2123		328954		1758
1373		2123		329090		1758
1374		2123		329226		1758
1375		2123		329362		1758
1376		2123		329498		1758
1377		2123		329634		1758
1378		2123		329770		1758
1379		2123		329906		1758
1380		2123		330042		1758
1381		2123		330178		1758
1382		2123		330314		1758
1383		2123		330450		1758
1384		2123		330586		1758
1385		2123		330722		1758
1386		2123		330858		1758
1387		2123		330994		1758
1388		2123		331130		1758
1389		2123		331266		1758
1390		2123		331402		1758
1391		2123		331538		1758
1392		2123		331674		1758
1393		2123		331810		1758
1394		2123		331946		1758
1395		2123		332082		1758
1396		2123		332218		1758
1397		2123		332354		1758
1398		2123		332490		1758
1399		2123		332626		1758
1400		2123		332762		1758
1401		2123		332898		1758
1402		2123		333034		1758
1403		2123		333170		1758
1404		2123		333306		1758
1405		2123		333442		1758
1406		2123		333578		1758
1407		2123		333714		1758
1408		2123		333850		1758
1409		2123		333986		1758
1410		2123		334122		1758
1411		2123		334258		1758
1412		2123		334394		1758
1413		2123		334530		1758
1414		2123		334666		1758
1415		2123		334802		1758
1416		2123		334938		1758
1417		2123		335074		1758
1418		2123		335210		1758
1419		2123		335346		1758
1420		2123		335482		1758
1421		2123		335618		1758
1422		2123		335754		1758
1423		2123		335890		1758
1424		2123		336026		1758
1425		2123		336162		1758
1426		2123		336298		1758
1427		2123		336434		1758
1428		2123		336570		1758
1429		2123		336706		1758
1430		2123		336842		1758
1431		2123		336978		1758
1432		2123		337114		1758
1433		2123		337250		1758
1434		2123		337386		1758
1435		2123		337522		1758
1436		2123		337658		1758
1437		2123		337794		1758
1438		2123		337930		1758
1439		2123		338066		1758
1440		2123		338202		1758
1441		2123		338338		1758
1442		2123		338474		1758
1443		2123		338610		1758
1444		2123		338746		1758
1445		2123		338882		1758
1446		2123		339018		1758
1447		2123		339154		1758
1448		2123		339290		1758
1449		2123		339426		1758
1450		2123		339562		1758
1451		2123		339698		1758
1452		2123		339834		1758
1453		2123		339970		1758
1454		2123		340106		1758
1455		2123		340242		1758
1456		2123		340378		1758
1457		2123		340514		1758
1458		2123		340650		1758
1459		2123		340786		1758
1460		2123		340922		1758
1461		2123		341058		1758
1462		2123		341194		1758
1463		2123		341330		1758
1464		2123		341466		1758
1465		2123		341602		1758
1466		2123		341738		1758
1467		2123		341874		1758
1468		2123		342010		1758
1469		2123		342146		1758
1470		2123		342282		1758
1471		2123		342418		1758
1472		2123		342554		1758
1473		2123		342690		1758
1474		2123		342826		1758
1475		2123		342962		1758
1476		2123		343098		1758
1477		2123		343234		1758
1478		2123		343370		1758
1479		2123		343506		1758
1480		2123		343642		1758
1481		2123		343778		1758
1482		2123		343914		1758
1483		2123		344050		1758
1484		2123		344186		1758
1485		2123		344322		1758
1486		2123		344458		1758
1487		2123		344594		1758
1488		2123		344730		1758
1489		2123		344866		1758
1490		2123		345002		1758
1491		2123		345138		1758
1492		2123		345274		1758
1493		2123		345410		1758
1494		2123		345546		1758
1495		2123		345682		1758
1496		2123		345818		1758
1497		2123		345954		1758
1498		2123		346090		1758
1499		2123		346226		1758
1500		2123		346362		1758
1501		2123		346498		1758
1502		2123		346634		1758
1503		2123		346770		1758
1504		2123		346906		1758
1505		2123		347042		1758
1506		2123		347178		1758
1507		2123		347314		1758
1508		2123		347450		1758
1509		2123		347586		1758
1510		2123		347722		1758
1511		2123		347858		1758
1512		2123		347994		1758
1513		2123		348130		1758
1514		2123		348266		1758
1515		2123		348402		1758
1516		2123		348538		1758
1517		2123		348674		1758
1518		2123		348810		1758
1519		2123		348946		1758
1520		2123		349082		1758
1521		2123		349218		1758
1522		2123		349354		1758
1523		2123		349490		1758
1524		2123		349626		1758
1525		2123		349762		1758
1526		2123		349898		1758
1527		2123		350034		1758
1528		2123		350170		1758
1529		2123		350306		1758
1530		2123		350442		1758
1531		2123		350578		1758
1532		2123		350714		1758
1533		2123		350850		1758
1534		2123		350986		1758
1535		2123		351122		1758
1536		2123		351258		1758
1537		2123		351394		1758
1538		2123		351530		1758
1539		2123		351666		1758
1540		2123		351802		1758
1541		2123		351938		1758
1542		2123		352074		1758
1543		2123		352210		1758
1544		2123		352346		1758
1545		2123		352482		1758
1546		2123		352618		1758
1547		2123		352754		1758
1548		2123		352890		1758
1549		2123		353026		1758
1550		2123		353162		1758
1551		2123		353298		1758
1552		2123		353434		1758
1553		2123		353570		1758
1554		2123		353706		1758
1555		2123		353842		1758
1556		2123		353978		1758
1557		2123		354114		1758
1558		2123		354250		1758
1559		2123		354386		1758
1560		2123		354522		1758
1561		2123		354658		1758
1562		2123		354794		1758
1563		2123		354930		1758
1564		2123		355066		1758
1565		2123		355202		1758
1566		2123		355338		1758
1567		2123		355474		1758
1568		2123		355610		1758
1569		2123		355746		1758
1570		2123		355882		1758
1571		2123		356018		1758
1572		2123		356154		1758
1573		2123		356290		1758
1574		2123		356426		1758
1575		2123		356562		1758
1576		2123		356698		1758
1577		2123		356834		1758
1578		2123		356970		1758
1579		2123		357106		1758
1580		2123		357242		1758
1581		2123		357378		1758
1582		2123		357514		1758
1583		2123		357650		1758
1584		2123		357786		1758
1585		2123		357922		1758
1586		2123		358058		1758
1587		2123		358194		1758
1588		2123		358330		1758
1589		2123		358466		1758
1590		2123		358602		1758
1591		2123		358738		1758
1592		2123		358874		1758
1593		2123		359010		1758
1594		2123		359146		1758
1595		2123		359282		1758
1596		2123		359418		1758
1597		2123		359554		1758
1598		2123		359690		1758
1599		2123		359826		1758
1600		2123		359962		1758
1601		2123		360098		1758
1602		2123		360234		1758
1603		2123		360370		1758
1604		2123		360506		1758
1605		2123		360642		1758
1606		2123		360778		1758
1607		2123		360914		1758
1608		2123		361050		1758
1609		2123		361186		1758
1610		2123		361322		1758
1611		2123		361458		1758
1612		2123		361594		1758
1613		2123		361730		1758
1614		2123		361866		1758
1615		2123		362002		1758
1616		2123		362138		1758
1617		2123		362274		1758
1618		2123		362410		1758
1619		2123		362546		1758
1620		2123		362682		1758
1621		2123		362818		1758
1622		2123		362954		1758
1623		2123		363090		1758
1624		2123		363226		1758
1625		2123		363362		1758
1626		2123		363498		1758
1627		2123		363634		1758
1628		2123		363770		1758
1629		2123		363906		1758
1630		2123		364042		1758
1631		2123		364178		1758
1632		2123		364314		1758
1633		2123		364450		1758
1634		2123		364586		1758
1635		2123		364722		1758
1636		2123		364858		1758
1637		2123		364994		1758
1638		2123		365130		1758
1639		2123		365266		1758
1640		2123		365402		1758
1641		2123		365538		1758
1642		2123		365674		1758
1643		2123		365810		1758
1644		2123		365946		1758
1645		2123		366082		1758
1646		2123		366218		1758
1647		2123		366354		1758
1648		2123		366490		1758
1649		2123		366626		1758
1650		2123		366762		1758
1651		2123		366898		1758
1652		2123		367034		1758
1653		2123		367170		1758
1654		2123		367306		1758
1655		2123		367442		1758
1656		2123		367578		1758
1657		2123		367714		1758
1658		2123		367850		1758
1659		2123		367986		1758
1660		2123		368122		1758
1661		2123		368258		1758
1662		2123		368394		1758
1663		2123		368530		1758
1664		2123		368666		1758
1665		2123		368802		1758
1666		2123		368938		1758
1667		2123		369074		1758
1668		2123		369210		1758
1669		2123		369346		1758
1670		2123		369482		1758
1671		2123		369618		1758
1672		2123		369754		1758
1673		2123		369890		1758
1674		2123		370026		1758
1675		2123		370162		1758
1676		2123		370298		1758
1677		2123		370434		1758
1678		2123		370570		1758
1679		2123		370706		1758
1680		2123		370842		1758
1681		2123		370978		1758
1682		2123		371114		1758
1683		2123		371250		1758
1684		2123		371386		1758
1685		2123		371522		1758
1686		2123		371658		1758
1687		2123		371794		1758
1688		2123		371930		1758
1689		2123		372066		1758
1690		2123		372202		1758
1691		2123		372338		1758
1692		2123		372474		1758
1693		2123		372610		1758
1694		2123		372746		1758
1695		2123		372882		1758
1696		2123		373018		1758
1697		2123		373154		1758
1698		2123		373290		1758
1699		2123		373426		1758
1700		2123		373562		1758
1701		2123		373698		1758
1702		2123		373834		1758
1703		2123		373970		1758
1704		2123		374106		1758
1705		2123		374242		1758
1706		2123		374378		1758
1707		2123		374514		1758
1708		2123		374650		1758
1709		2123		374786		1758
1710		2123		374922		1758
1711		2123		375058		1758
1712		2123		375194		1758
1713		2123		375330		1758
1714		2123		375466		1758
1715		2123		375602		1758
1716		2123		375738		1758
1717		2123		375874		1758
1718		2123		376010		1758
1719		2123		376146		1758
1720		2123		376282		1758
1721		2123		376418		1758
1722		2123		376554		1758
1723		2123		376690		1758
1724		2123		376826		1758
1725		2123		376962		1758
1726		2123		377098		1758
1727		2123		377234		1758
1728		2123		377370		1758
1729		2123		377506		1758
1730		2123		377642		1758
1731		2123		377778		1758
1732		2123		377914		1758
1733		2123		378050		1758
1734		2123		378186		1758
1735		2123		378322		1758
1736		2123		378458		1758
1737		2123		378594		1758
1738		2123		378730		1758
1739		2123		378866		1758
1740		2123		379002		1758
1741		2123		379138		1758
1742		2123		379274		1758
1743		2123		379410		1758
1744		2123		379546		1758
1745		2123		379682		1758
1746		2123		379818		1758
1747		2123		379954		1758
1748		2123		380090		1758
1749		2123		380226		1758
1750		2123		380362		1758
1751		2123		380498		1758
1752		2123		380634		1758
1753		2123		380770		1758
1754		2123		380906		1758
1755		2123		381042		1758
1756		2123		381178		1758
1757		2123		381314		1758
1758		2123		381450		1758
1759		2123		381586		1758
1760		2123		381722		1758
1761		2123		381858		1758
1762		2123		381994		1758
1763		2123		382130		1758
1764		2123		382266		1758
1765		2123		382402		1758
1766		2123		382538		1758
1767		2123		382674		1758
1768		2123		382810		1758
1769		2123		382946		1758
1770		2123		383082		1758
1771		2123		383218		1758
1772		2123		383354		1758
1773		2123		383490		1758
1774		2123		383626		1758
1775		2123		383762		1758
1776		2123		383898		1758
1777		2123		384034		1758
1778		2123		384170		1758
1779		2123		384306		1758
1780		2123		384442		1758
1781		2123		384578		1758
1782		2123		384714		1758
1783		2123		384850		1758
1784		2123		384986		1758
1785		2123		385122		1758
1786		2123		385258		1758
1787		2123		385394		1758
1788		2123		385530		1758
1789		2123		385666		1758
1790		2123		385802		1758
1791		2123		385938		1758
1792		2123		386074		1758
1793		2123		386210		1758
1794		2123		386346		1758
1795		2123		386482		1758
1796		2123		386618		1758
1797		2123		386754		1758
1798		2123		386890		1758
1799		2123		387026		1758
1800		2123		387162		1758
1801		2123		387298		1758
1802		2123		387434		1758
1803		2123		387570		1758
1804		2123		387706		1758
1805		2123		387842		1758
1806		2123		387978		1758
1807		2123		388114		1758
1808		2123		388250		1758
1809		2123		388386		1758
1810		2123		388522		1758
1811		2123		388658		1758
1812		2123		388794		1758
1813		2123		388930		1758
1814		2123		389066		1758
1815		2123		389202		1758
1816		2123		389338		1758
1817		2123		389474		1758
1818		2123		389610		1758
1819		2123		389746		1758
1820		2123		389882		1758
1821		2123		390018		1758
1822		2123		390154		1758
1823		2123		390290		1758
1824		2123		390426		1758
1825		2123		390562		1758
1826		2123		390698		1758
1827		2123		390834		1758
1828		2123		390970		1758
1829		2123		391106		1758
1830		2123		391242		1758
1831		2123		391378		1758
1832		2123		391514		1758
1833		2123		391650		1758
1834		2123		391786		1758
1835		2123		391922		1758
1836		2123		392058		1758
1837		2123		392194		1758
1838		2123		392330		1758
1839		2123		392466		1758
1840		2123		392602		1758
1841		2123		392738		1758
1842		2123		392874		1758
1843		2123		393010		1758
1844		2123		393146		1758
1845		2123		393282		1758
1846		2123		393418		1758
1847		2123		393554		1758
1848		2123		393690		1758
1849		2123		393826		1758
1850		2123		393962		1758
1851		2123		394098		1758
1852		2123		394234		1758
1853		2123		394370		1758
1854		2123		394506		1758
1855		2123		394642		1758
1856		2123		394778		1758
1857		2123		394914		1758
1858		2123		395050		1758
1859		2123		395186		1758
1860		2123		395322		1758
1861		2123		395458		1758
1862		2123		395594		1758
1863		2123		395730		1758
1864		2123		395866		1758
1865		2123		396002		1758
1866		2123		396138		1758
1867		2123		396274		1758
1868		2123		396410		1758
1869		2123		396546		1758
1870		2123		396682		1758
1871		2123		396818		1758
1872		2123		396954		1758
1873		2123		397090		1758
1874		2123		397226		1758
1875		2123		397362		1758
1876		2123		397498		1758
1877		2123		397634		1758
1878		2123		397770		1758
1879		2123		397906		1758
1880		2123		398042		1758
1881		2123		398178		1758
1882		2123		398314		1758
1883		2123		398450		1758
1884		2123		398586		1758
1885		2123		398722		1758
1886		2123		398858		1758
1887		2123		398994		1758
1888		2123		399130		1758
1889		2123		399266		1758
1890		2123		399402		1758
1891		2123		399538		1758
1892		2123		399674		1758
1893		2123		399810		1758
1894		2123		399946		1758
1895		2123		400082		1758
1896		2123		400218		1758
1897		2123		400354		1758
1898		2123		400490		1758
1899		2123		400626		1758
1900		2123		400762		1758
1901		2123		400898		1758
1902		2123		401034		1758
1903		2123		401170		1758
1904		2123		401306		1758
1905		2123		401442		1758
1906		2123		401578		1758
1907		2123		401714		1758
1908		2123		401850		1758
1909		2123		401986		1758
1910		2123		402122		1758
1911		2123		402258		1758
1912		2123		402394		1758
1913		2123		402530		1758
1914		2123		402666		1758
1915		2123		402802		1758
1916		2123		402938		1758
1917		2123		403074		1758
1918		2123		403210		1758
1919		2123		403346		1758
1920		2123		403482		1758
1921		2123		403618		1758
1922		2123		403754		1758
1923		2123		403890		1758
1924		2123		404026		1758
1925		2123		404162		1758
1926		2123		404298		1758
1927		2123		404434		1758
1928		2123		404570		1758
1929		2123		404706		1758
1930		2123		404842		1758
1931		2123		404978		1758
1932		2123		405114		1758
1933		2123		405250		1758
1934		2123		405386		1758
1935		2123		405522		1758
1936		2123		405658		1758
1937		2123		405794		1758
1938		2123		405930		1758
1939		2123		406066		1758
1940		2123		406202		1758
1941		2123		406338		1758
1942		2123		406474		1758
1943		2123		406610		1758
1944		2123		406746		1758
1945		2123		406882		1758
1946		2123		407018		1758
1947		2123		407154		1758
1948		2123		407290		1758
1949		2123		407426		1758
1950		2123		407562		1758
1951		2123		407698		1758
1952		2123		407834		1758
1953		2123		407970		1758
1954		2123		408106		1758
1955		2123		408242		1758
1956		2123		408378		1758
1957		2123		408514		1758
1958		2123		408650		1758
1959		2123		408786		1758
1960		2123		408922		1758
1961		2123		409058		1758
1962		2123		409194		1758
1963		2123		409330		1758
1964		2123		409466		1758
1965		2123		409602		1758
1966		2123		409738		1758
1967		2123		409874		1758
1968		2123		410010		1758
1969		2123		410146		1758
1970		2123		410282		1758
1971		2123		410418		1758
1972		2122		410555		1757
1973		2122		410689		1757
1974		2122		410823		1757
1975		2122		410957		1757
1976		2122		411091		1757
1977		2122		411225		1757
1978		2122		411359		1757
1979		2122		411493		1757
1980		2122		411627		1757
1981		2122		411761		1757
1982		2122		411895		1757
1983		2122		412029		1757
1984		2122		412163		1757
1985		2122		412297		1757
1986		2122		412431		1757
1987		2122		412565		1757
1988		2122		412699		1757
1989		2122		412833		1757
1990		2122		412967		1757
1991		2122		413101		1757
1992		2122		413235		1757
1993		2122		413369		1757
1994		2122		413503		1757
1995		2122		413637		1757
1996		2122		413771		1757
1997		2122		413905		1757
1998		2122		414039		1757
1999		2122		414173		1757
