# Migration is number of nodes that have changed color.

Round		Edge-Cut		Swaps		Migrations		Skipped
0		5325		2393		731
1		4889		4787		745
2		4461		7179		861
3		4219		9574		834
4		4092		11969		941
5		3972		14362		916
6		3903		16752		982
7		3868		19143		957
8		3845		21536		1040
9		3832		23930		986
10		3786		26322		1067
11		3768		28716		1038
12		3740		31109		1089
13		3723		33503		1033
14		3717		35896		1092
15		3698		38290		1065
16		3690		40683		1122
17		3645		43076		1090
18		3630		45468		1150
19		3625		47861		1109
20		3638		50255		1159
21		3609		52647		1135
22		3589		55040		1182
23		3581		57430		1148
24		3573		59819		1199
25		3572		62212		1166
26		3567		64606		1209
27		3562		67001		1164
28		3542		69394		1214
29		3535		71784		1173
30		3525		74179		1224
31		3503		76573		1179
32		3519		78965		1247
33		3494		81356		1204
34		3491		83750		1259
35		3492		86140		1223
36		3472		88533		1249
37		3440		90924		1207
38		3445		93317		1268
39		3444		95711		1235
40		3451		98104		1279
41		3441		100497		1229
42		3432		102890		1279
43		3429		105284		1235
44		3409		107677		1290
45		3419		110071		1269
46		3416		112463		1309
47		3407		114856		1281
48		3392		117249		1326
49		3382		119642		1287
50		3394		122034		1336
51		3358		124426		1282
52		3351		126820		1318
53		3356		129214		1290
54		3347		131607		1338
55		3348		134002		1304
56		3346		136392		1325
57		3343		138784		1304
58		3336		141176		1343
59		3352		143565		1312
60		3327		145958		1366
61		3341		148352		1324
62		3333		150744		1361
63		3296		153136		1315
64		3293		155529		1361
65		3299		157919		1322
66		3283		160313		1356
67		3285		162708		1341
68		3295		165101		1374
69		3276		167491		1318
70		3282		169883		1354
71		3273		172275		1312
72		3260		174670		1364
73		3243		177065		1335
74		3239		179458		1364
75		3250		181851		1361
76		3241		184244		1375
77		3261		186634		1363
78		3240		189026		1386
79		3240		191420		1366
80		3216		193815		1410
81		3216		196207		1388
82		3208		198598		1403
83		3208		200991		1392
84		3206		203384		1434
85		3186		205777		1393
86		3180		208169		1433
87		3182		210563		1399
88		3180		212954		1435
89		3184		215344		1407
90		3187		217737		1426
91		3174		220131		1417
92		3160		222521		1445
93		3162		224913		1430
94		3162		227304		1454
95		3139		229699		1425
96		3148		232090		1467
97		3143		234483		1436
98		3150		236877		1462
99		3168		239271		1440
100		3151		241665		1457
101		3165		244060		1440
102		3153		246451		1466
103		3130		248845		1453
104		3124		251239		1458
105		3118		253633		1433
106		3106		256024		1454
107		3111		258418		1447
108		3098		260812		1488
109		3099		263206		1460
110		3108		265599		1476
111		3110		267991		1454
112		3079		270384		1492
113		3091		272775		1453
114		3103		275168		1472
115		3096		277562		1451
116		3092		279954		1475
117		3107		282345		1458
118		3086		284736		1484
119		3108		287130		1466
120		3099		289523		1498
121		3081		291917		1463
122		3075		294311		1482
123		3086		296703		1457
124		3070		299092		1484
125		3080		301485		1464
126		3080		303879		1488
127		3077		306270		1468
128		3069		308660		1481
129		3074		311055		1457
130		3067		313448		1490
131		3060		315841		1469
132		3047		318233		1506
133		3046		320624		1479
134		3045		323019		1498
135		3043		325407		1469
136		3020		327797		1483
137		3028		330189		1468
138		3035		332581		1508
139		3029		334974		1486
140		3015		337366		1503
141		3021		339759		1487
142		3004		342152		1520
143		3007		344544		1479
144		3011		346937		1524
145		3001		349331		1486
146		2985		351723		1516
147		2996		354118		1498
148		2997		356511		1533
149		3000		358905		1508
150		2988		361299		1536
151		2993		363690		1523
152		2985		366081		1535
153		2993		368473		1520
154		2989		370866		1543
155		2994		373258		1518
156		2988		375652		1537
157		2978		378044		1505
158		2973		380439		1529
159		2976		382833		1514
160		2972		385228		1522
161		2958		387623		1532
162		2961		390017		1536
163		2963		392408		1520
164		2958		394798		1541
165		2967		397191		1526
166		2949		399584		1555
167		2941		401978		1524
168		2932		404371		1551
169		2930		406765		1538
170		2933		409155		1556
171		2934		411549		1531
172		2925		413943		1546
173		2933		416334		1538
174		2918		418727		1548
175		2931		421122		1541
176		2915		423515		1568
177		2911		425908		1547
178		2909		428300		1552
179		2902		430694		1551
180		2912		433086		1576
181		2895		435480		1566
182		2920		437873		1575
183		2911		440263		1555
184		2900		442656		1572
185		2901		445049		1548
186		2906		447441		1578
187		2903		449834		1561
188		2904		452227		1579
189		2904		454622		1557
190		2910		457015		1579
191		2901		459406		1564
192		2888		461797		1589
193		2896		464188		1564
194		2898		466578		1583
195		2879		468971		1569
196		2890		471364		1581
197		2894		473758		1570
198		2888		476152		1595
199		2884		478544		1577
200		2881		480937		1591
201		2879		483331		1578
202		2883		485720		1605
203		2885		488112		1576
204		2870		490505		1609
205		2861		492897		1590
206		2870		495291		1607
207		2873		497686		1587
208		2857		500078		1621
209		2871		502472		1581
210		2870		504865		1612
211		2866		507258		1594
212		2852		509652		1609
213		2857		512045		1582
214		2850		514439		1622
215		2844		516832		1599
216		2848		519225		1613
217		2832		521616		1592
218		2842		524008		1614
219		2846		526402		1603
220		2842		528793		1611
221		2858		531186		1586
222		2860		533580		1614
223		2847		535975		1601
224		2845		538366		1625
225		2838		540760		1600
226		2852		543154		1618
227		2837		545544		1604
228		2838		547937		1609
229		2850		550329		1590
230		2847		552721		1605
231		2861		555114		1597
232		2849		557507		1620
233		2836		559898		1614
234		2833		562292		1612
235		2827		564686		1603
236		2829		567078		1616
237		2822		569472		1595
238		2836		571865		1615
239		2815		574258		1599
240		2822		576653		1615
241		2815		579048		1601
242		2808		581442		1617
243		2810		583831		1601
244		2825		586225		1613
245		2816		588616		1611
246		2823		591008		1621
247		2806		593402		1607
248		2799		595795		1626
249		2796		598189		1612
250		2800		600581		1636
251		2798		602975		1621
252		2801		605368		1633
253		2799		607761		1624
254		2813		610155		1628
255		2806		612548		1611
256		2803		614942		1633
257		2790		617337		1611
258		2784		619731		1627
259		2785		622124		1616
260		2804		624516		1633
261		2795		626910		1611
262		2807		629303		1633
263		2792		631693		1619
264		2795		634085		1638
265		2782		636474		1615
266		2792		638866		1635
267		2788		641261		1631
268		2776		643653		1635
269		2770		646045		1628
270		2774		648437		1634
271		2772		650832		1620
272		2771		653224		1625
273		2763		655615		1613
274		2779		658009		1630
275		2768		660403		1620
276		2759		662798		1643
277		2755		665189		1624
278		2761		667582		1648
279		2752		669977		1629
280		2750		672371		1652
281		2758		674765		1634
282		2755		677158		1643
283		2755		679550		1635
284		2752		681944		1657
285		2756		684334		1632
286		2763		686727		1646
287		2752		689118		1635
288		2765		691511		1638
289		2761		693901		1640
290		2755		696293		1651
291		2751		698685		1641
292		2760		701077		1649
293		2761		703469		1636
294		2764		705861		1654
295		2756		708254		1629
296		2755		710648		1654
297		2752		713041		1643
298		2745		715435		1653
299		2753		717826		1631
300		2744		720219		1654
301		2742		722609		1639
302		2752		725002		1662
303		2747		727396		1637
304		2739		729789		1654
305		2748		732180		1631
306		2747		734574		1644
307		2754		736968		1639
308		2745		739361		1654
309		2745		741756		1633
310		2749		744148		1668
311		2747		746540		1633
312		2736		748931		1658
313		2750		751325		1643
314		2735		753719		1667
315		2738		756111		1653
316		2733		758505		1659
317		2735		760899		1643
318		2733		763292		1667
319		2723		765685		1655
320		2726		768079		1665
321		2739		770470		1648
322		2733		772865		1673
323		2736		775258		1648
324		2736		777648		1663
325		2736		780043		1660
326		2733		782434		1659
327		2742		784827		1653
328		2721		787219		1665
329		2736		789612		1664
330		2724		792003		1678
331		2720		794397		1652
332		2725		796789		1663
333		2722		799179		1653
334		2715		801573		1671
335		2724		803967		1657
336		2711		806360		1667
337		2710		808753		1660
338		2708		811147		1681
339		2714		813539		1666
340		2710		815932		1676
341		2702		818324		1662
342		2704		820717		1672
343		2710		823110		1668
344		2709		825500		1678
345		2715		827893		1649
346		2706		830288		1673
347		2712		832678		1665
348		2718		835073		1670
349		2712		837468		1659
350		2702		839863		1677
351		2707		842254		1667
352		2709		844647		1672
353		2716		847040		1673
354		2720		849435		1684
355		2711		851829		1662
356		2712		854223		1674
357		2714		856617		1665
358		2720		859008		1672
359		2713		861399		1659
360		2712		863792		1676
361		2712		866183		1657
362		2713		868575		1673
363		2708		870967		1661
364		2714		873360		1670
365		2720		875753		1661
366		2723		878148		1674
367		2723		880541		1660
368		2707		882935		1667
369		2713		885325		1664
370		2707		887717		1674
371		2709		890111		1661
372		2714		892505		1660
373		2714		894900		1657
374		2712		897292		1672
375		2713		899686		1664
376		2715		902077		1676
377		2707		904469		1662
378		2711		906863		1674
379		2716		909256		1668
380		2712		911651		1679
381		2728		914046		1663
382		2728		916439		1677
383		2719		918831		1666
384		2719		921225		1668
385		2733		923618		1668
386		2735		926012		1675
387		2729		928402		1664
388		2727		930793		1685
389		2729		933185		1661
390		2727		935580		1675
391		2730		937973		1673
392		2741		940363		1663
393		2744		942756		1664
394		2724		945151		1682
395		2718		947545		1670
396		2723		949940		1669
397		2723		952334		1660
398		2734		954724		1675
399		2723		957118		1661
400		2718		959511		1674
401		2728		961903		1657
402		2725		964297		1686
403		2718		966689		1675
404		2705		969084		1686
405		2713		971476		1673
406		2710		973868		1681
407		2711		976263		1668
408		2717		978656		1683
409		2717		981048		1671
410		2720		983442		1680
411		2697		985833		1683
412		2707		988225		1690
413		2704		990618		1683
414		2694		993012		1680
415		2695		995406		1686
416		2694		997799		1684
417		2703		1000191		1681
418		2693		1002583		1675
419		2703		1004976		1675
420		2707		1007369		1678
421		2703		1009759		1673
422		2702		1012153		1673
423		2709		1014547		1667
424		2689		1016939		1670
425		2698		1019334		1664
426		2701		1021726		1686
427		2700		1024115		1668
428		2698		1026508		1674
429		2702		1028902		1671
430		2696		1031294		1667
431		2711		1033685		1671
432		2695		1036078		1684
433		2699		1038469		1672
434		2692		1040863		1676
435		2689		1043258		1658
436		2691		1045652		1683
437		2701		1048047		1679
438		2695		1050438		1678
439		2701		1052830		1666
440		2695		1055223		1674
441		2699		1057614		1667
442		2691		1060008		1673
443		2692		1062398		1669
444		2684		1064792		1683
445		2689		1067185		1665
446		2693		1069578		1678
447		2675		1071973		1655
448		2681		1074367		1666
449		2687		1076760		1658
450		2681		1079153		1675
451		2680		1081546		1675
452		2690		1083940		1679
453		2704		1086334		1667
454		2686		1088727		1685
455		2691		1091120		1665
456		2691		1093510		1677
457		2691		1095903		1668
458		2675		1098297		1683
459		2681		1100691		1662
460		2684		1103084		1667
461		2689		1105478		1671
462		2675		1107873		1670
463		2662		1110265		1665
464		2669		1112657		1668
465		2661		1115052		1685
466		2662		1117444		1686
467		2682		1119839		1671
468		2671		1122233		1688
469		2670		1124626		1679
470		2658		1127020		1695
471		2664		1129413		1689
472		2663		1131808		1684
473		2660		1134202		1683
474		2655		1136596		1691
475		2651		1138986		1690
476		2659		1141381		1681
477		2660		1143774		1686
478		2650		1146166		1686
479		2657		1148559		1680
480		2651		1150953		1683
481		2649		1153344		1676
482		2660		1155737		1691
483		2651		1158131		1680
484		2647		1160525		1677
485		2635		1162917		1674
486		2648		1165309		1683
487		2643		1167701		1669
488		2652		1170095		1679
489		2648		1172489		1688
490		2651		1174881		1691
491		2641		1177275		1684
492		2654		1179667		1683
493		2653		1182060		1683
494		2653		1184454		1696
495		2645		1186848		1689
496		2653		1189241		1698
497		2649		1191635		1676
498		2652		1194028		1696
499		2658		1196421		1676
500		2649		1198811		1683
501		2644		1201206		1691
502		2655		1203597		1691
503		2652		1205992		1680
504		2652		1208387		1693
505		2642		1210780		1677
506		2651		1213171		1683
507		2641		1215564		1669
508		2645		1217959		1684
509		2644		1220353		1670
510		2651		1222746		1684
511		2649		1225138		1681
512		2650		1227533		1678
513		2643		1229925		1683
514		2644		1232316		1677
515		2642		1234709		1679
516		2647		1237101		1683
517		2631		1239493		1680
518		2641		1241888		1686
519		2628		1244282		1685
520		2639		1246677		1687
521		2639		1249066		1670
522		2644		1251455		1681
523		2640		1253847		1674
524		2637		1256237		1692
525		2637		1258632		1683
526		2634		1261025		1687
527		2635		1263420		1680
528		2632		1265815		1686
529		2643		1268208		1682
530		2632		1270601		1695
531		2642		1272993		1690
532		2631		1275385		1703
533		2643		1277779		1683
534		2637		1280173		1695
535		2630		1282567		1677
536		2628		1284961		1688
537		2635		1287353		1686
538		2642		1289745		1697
539		2635		1292139		1689
540		2633		1294530		1689
541		2633		1296921		1689
542		2634		1299313		1700
543		2627		1301705		1689
544		2625		1304100		1695
545		2639		1306495		1683
546		2637		1308889		1691
547		2630		1311283		1689
548		2640		1313675		1687
549		2635		1316069		1692
550		2639		1318462		1688
551		2634		1320856		1676
552		2640		1323247		1681
553		2633		1325640		1683
554		2635		1328032		1690
555		2640		1330427		1682
556		2633		1332821		1688
557		2631		1335213		1676
558		2634		1337606		1700
559		2637		1340001		1682
560		2633		1342395		1686
561		2630		1344789		1678
562		2620		1347182		1690
563		2623		1349575		1689
564		2638		1351969		1697
565		2629		1354363		1685
566		2632		1356755		1687
567		2630		1359147		1680
568		2637		1361539		1700
569		2630		1363932		1681
570		2641		1366326		1678
571		2632		1368720		1672
572		2639		1371110		1687
573		2627		1373504		1674
574		2623		1375897		1696
575		2636		1378290		1685
576		2630		1380682		1682
577		2622		1383074		1677
578		2625		1385469		1688
579		2625		1387861		1688
580		2628		1390255		1692
581		2617		1392647		1684
582		2633		1395038		1692
583		2631		1397431		1684
584		2634		1399824		1685
585		2635		1402218		1682
586		2625		1404610		1690
587		2628		1407004		1684
588		2630		1409391		1699
589		2621		1411785		1683
590		2626		1414178		1696
591		2620		1416573		1680
592		2620		1418965		1699
593		2614		1421356		1691
594		2622		1423749		1698
595		2618		1426144		1690
596		2615		1428536		1696
597		2617		1430929		1685
598		2621		1433321		1698
599		2625		1435713		1696
600		2629		1438107		1701
601		2627		1440502		1688
602		2626		1442895		1694
603		2618		1445290		1689
604		2612		1447685		1699
605		2620		1450079		1690
606		2624		1452472		1699
607		2623		1454862		1688
608		2625		1457256		1699
609		2622		1459651		1698
610		2618		1462045		1709
611		2614		1464440		1693
612		2617		1466834		1699
613		2613		1469228		1699
614		2619		1471621		1695
615		2608		1474015		1694
616		2617		1476407		1697
617		2604		1478799		1699
618		2605		1481193		1699
619		2612		1483585		1690
620		2606		1485979		1701
621		2603		1488373		1693
622		2609		1490765		1705
623		2603		1493159		1696
624		2605		1495548		1707
625		2604		1497941		1698
626		2606		1500333		1711
627		2609		1502724		1702
628		2613		1505118		1699
629		2618		1507511		1698
630		2606		1509903		1696
631		2613		1512297		1704
632		2610		1514690		1702
633		2603		1517082		1701
634		2616		1519475		1705
635		2610		1521866		1706
636		2620		1524260		1703
637		2606		1526653		1701
638		2608		1529048		1695
639		2607		1531443		1698
640		2601		1533837		1703
641		2600		1536230		1693
642		2599		1538623		1697
643		2604		1541015		1693
644		2601		1543407		1704
645		2597		1545797		1696
646		2607		1548191		1704
647		2599		1550585		1707
648		2608		1552976		1700
649		2594		1555371		1708
650		2601		1557763		1695
651		2589		1560154		1698
652		2601		1562548		1699
653		2590		1564939		1703
654		2596		1567332		1699
655		2592		1569724		1694
656		2604		1572117		1697
657		2584		1574508		1690
658		2602		1576898		1696
659		2590		1579291		1693
660		2594		1581685		1697
661		2585		1584078		1694
662		2589		1586472		1701
663		2581		1588866		1693
664		2584		1591261		1705
665		2581		1593654		1701
666		2588		1596046		1699
667		2583		1598438		1694
668		2582		1600830		1704
669		2573		1603223		1692
670		2589		1605616		1705
671		2576		1608010		1694
672		2583		1610404		1702
673		2578		1612799		1694
674		2582		1615194		1692
675		2574		1617589		1698
676		2580		1619981		1696
677		2571		1622375		1693
678		2585		1624767		1697
679		2575		1627161		1688
680		2578		1629554		1702
681		2569		1631947		1696
682		2571		1634342		1700
683		2576		1636735		1695
684		2580		1639127		1706
685		2575		1641521		1697
686		2585		1643913		1702
687		2579		1646307		1696
688		2583		1648701		1702
689		2578		1651095		1699
690		2574		1653489		1708
691		2568		1655881		1704
692		2572		1658275		1709
693		2573		1660668		1708
694		2570		1663061		1700
695		2567		1665454		1701
696		2565		1667849		1710
697		2568		1670242		1706
698		2572		1672636		1711
699		2570		1675028		1704
700		2566		1677420		1701
701		2567		1679811		1699
702		2572		1682206		1698
703		2563		1684600		1704
704		2568		1686991		1707
705		2565		1689386		1699
706		2571		1691780		1705
707		2562		1694172		1705
708		2572		1696566		1705
709		2554		1698959		1701
710		2564		1701352		1714
711		2563		1703744		1705
712		2557		1706137		1706
713		2553		1708531		1703
714		2560		1710923		1708
715		2557		1713318		1706
716		2555		1715710		1710
717		2549		1718103		1710
718		2554		1720494		1718
719		2549		1722886		1698
720		2552		1725279		1707
721		2556		1727672		1704
722		2552		1730065		1709
723		2558		1732457		1707
724		2554		1734852		1711
725		2556		1737246		1712
726		2563		1739640		1712
727		2551		1742031		1705
728		2555		1744423		1709
729		2549		1746817		1700
730		2551		1749211		1702
731		2549		1751603		1705
732		2545		1753997		1709
733		2541		1756392		1704
734		2543		1758787		1705
735		2537		1761181		1702
736		2542		1763573		1707
737		2541		1765965		1705
738		2541		1768357		1706
739		2548		1770750		1703
740		2551		1773144		1707
741		2535		1775532		1702
742		2539		1777924		1716
743		2526		1780316		1699
744		2537		1782708		1709
745		2537		1785100		1702
746		2537		1787495		1710
747		2541		1789888		1702
748		2540		1792282		1708
749		2537		1794675		1696
750		2539		1797068		1708
751		2538		1799461		1698
752		2542		1801855		1705
753		2542		1804246		1699
754		2544		1806639		1712
755		2537		1809031		1712
756		2543		1811425		1709
757		2535		1813820		1707
758		2542		1816214		1711
759		2538		1818606		1706
760		2544		1820999		1710
761		2534		1823392		1704
762		2538		1825785		1714
763		2532		1828178		1712
764		2539		1830572		1709
765		2533		1832964		1711
766		2540		1835356		1711
767		2536		1837749		1703
768		2537		1840143		1718
769		2530		1842535		1703
770		2541		1844927		1712
771		2538		1847320		1711
772		2533		1849714		1710
773		2532		1852108		1715
774		2539		1854500		1716
775		2545		1856895		1708
776		2543		1859288		1713
777		2531		1861680		1703
778		2540		1864071		1711
779		2543		1866464		1704
780		2545		1868854		1715
781		2547		1871247		1706
782		2541		1873641		1704
783		2543		1876035		1700
784		2553		1878428		1716
785		2541		1880822		1704
786		2535		1883215		1710
787		2530		1885609		1711
788		2531		1888002		1716
789		2543		1890395		1714
790		2543		1892787		1715
791		2536		1895180		1711
792		2543		1897571		1711
793		2538		1899964		1704
794		2537		1902355		1713
795		2533		1904750		1710
796		2537		1907143		1724
797		2533		1909538		1709
798		2537		1911932		1720
799		2537		1914326		1708
800		2532		1916721		1713
801		2536		1919115		1714
802		2543		1921508		1719
803		2543		1923898		1715
804		2539		1926288		1720
805		2537		1928680		1712
806		2543		1931074		1716
807		2534		1933465		1704
808		2544		1935859		1722
809		2545		1938252		1710
810		2551		1940646		1721
811		2549		1943039		1710
812		2546		1945433		1719
813		2544		1947828		1713
814		2543		1950223		1715
815		2539		1952616		1714
816		2542		1955010		1718
817		2543		1957404		1720
818		2548		1959798		1715
819		2542		1962190		1719
820		2542		1964583		1715
821		2540		1966975		1709
822		2547		1969369		1709
823		2536		1971760		1704
824		2544		1974152		1704
825		2546		1976546		1712
826		2541		1978938		1718
827		2539		1981332		1708
828		2537		1983727		1719
829		2544		1986120		1710
830		2543		1988513		1698
831		2536		1990906		1712
832		2546		1993300		1717
833		2545		1995692		1715
834		2550		1998084		1711
835		2541		2000477		1714
836		2543		2002870		1720
837		2544		2005263		1714
838		2536		2007657		1725
839		2535		2010050		1715
840		2533		2012442		1725
841		2527		2014836		1716
842		2522		2017226		1722
843		2527		2019620		1719
844		2535		2022013		1717
845		2531		2024405		1711
846		2534		2026798		1727
847		2529		2029190		1726
848		2525		2031582		1724
849		2522		2033975		1713
850		2524		2036369		1706
851		2527		2038763		1712
852		2527		2041156		1719
853		2526		2043547		1712
854		2524		2045938		1714
855		2528		2048329		1711
856		2523		2050723		1724
857		2528		2053116		1716
858		2523		2055508		1709
859		2519		2057901		1715
860		2532		2060294		1722
861		2523		2062687		1721
862		2525		2065081		1720
863		2528		2067474		1717
864		2528		2069868		1720
865		2519		2072263		1721
866		2517		2074658		1718
867		2521		2077050		1716
868		2526		2079443		1714
869		2518		2081834		1711
870		2528		2084226		1714
871		2520		2086620		1717
872		2527		2089011		1724
873		2525		2091404		1718
874		2532		2093796		1724
875		2523		2096190		1713
876		2524		2098582		1718
877		2524		2100975		1714
878		2527		2103368		1713
879		2529		2105760		1711
880		2523		2108152		1716
881		2520		2110547		1714
882		2527		2112940		1716
883		2529		2115331		1715
884		2536		2117725		1712
885		2526		2120119		1714
886		2526		2122514		1712
887		2524		2124906		1712
888		2529		2127297		1713
889		2523		2129688		1715
890		2524		2132081		1709
891		2524		2134476		1710
892		2525		2136866		1715
893		2514		2139258		1713
894		2519		2141651		1711
895		2514		2144042		1719
896		2514		2146436		1711
897		2516		2148828		1718
898		2526		2151219		1716
899		2523		2153612		1719
900		2517		2156006		1721
901		2513		2158397		1723
902		2509		2160790		1723
903		2513		2163182		1726
904		2518		2165576		1725
905		2515		2167967		1723
906		2514		2170362		1724
907		2508		2172756		1721
908		2515		2175150		1720
909		2513		2177543		1712
910		2525		2179936		1721
911		2514		2182328		1714
912		2516		2184722		1722
913		2523		2187117		1718
914		2518		2189508		1719
915		2519		2191900		1719
916		2520		2194292		1718
917		2520		2196685		1722
918		2526		2199079		1719
919		2523		2201473		1717
920		2522		2203866		1723
921		2525		2206260		1713
922		2517		2208655		1719
923		2516		2211047		1720
924		2523		2213442		1725
925		2520		2215837		1723
926		2519		2218231		1731
927		2512		2220623		1720
928		2512		2223017		1722
929		2514		2225410		1720
930		2522		2227803		1719
931		2511		2230196		1722
932		2518		2232588		1725
933		2514		2234982		1726
934		2517		2237374		1729
935		2521		2239769		1723
936		2521		2242163		1722
937		2511		2244556		1723
938		2522		2246949		1719
939		2515		2249343		1724
940		2519		2251736		1731
941		2513		2254130		1731
942		2519		2256524		1719
943		2513		2258916		1725
944		2525		2261308		1714
945		2519		2263702		1714
946		2525		2266097		1717
947		2519		2268489		1720
948		2521		2270883		1722
949		2515		2273277		1719
950		2522		2275670		1718
951		2509		2278061		1718
952		2514		2280456		1719
953		2513		2282850		1721
954		2511		2285242		1729
955		2516		2287635		1716
956		2511		2290028		1717
957		2515		2292422		1721
958		2519		2294816		1718
959		2524		2297211		1721
960		2521		2299604		1718
961		2519		2301998		1727
962		2518		2304390		1726
963		2519		2306785		1722
964		2517		2309178		1735
965		2511		2311572		1729
966		2508		2313966		1722
967		2517		2316360		1729
968		2510		2318754		1730
969		2512		2321146		1724
970		2516		2323540		1728
971		2507		2325934		1727
972		2507		2328327		1723
973		2511		2330722		1729
974		2510		2333117		1726
975		2511		2335507		1724
976		2495		2337898		1728
977		2501		2340293		1730
978		2501		2342685		1735
979		2505		2345079		1730
980		2505		2347470		1732
981		2503		2349862		1728
982		2505		2352257		1727
983		2506		2354652		1726
984		2506		2357044		1738
985		2508		2359439		1738
986		2512		2361831		1730
987		2511		2364223		1729
988		2499		2366615		1730
989		2506		2369008		1733
990		2512		2371398		1727
991		2512		2373790		1731
992		2506		2376184		1734
993		2506		2378577		1731
994		2517		2380970		1730
995		2512		2383363		1728
996		2514		2385755		1731
997		2511		2388150		1724
998		2513		2390543		1732
999		2517		2392937		1721
1000		2513		2395330		1725
1001		2513		2397724		1726
1002		2513		2400116		1725
1003		2513		2402508		1722
1004		2502		2404902		1725
1005		2503		2407295		1733
1006		2503		2409689		1730
1007		2504		2412078		1726
1008		2504		2414472		1721
1009		2512		2416865		1727
1010		2506		2419258		1728
1011		2513		2421649		1727
1012		2509		2424043		1728
1013		2510		2426438		1731
1014		2504		2428830		1726
1015		2507		2431224		1730
1016		2504		2433618		1729
1017		2507		2436011		1727
1018		2501		2438405		1728
1019		2510		2440799		1725
1020		2502		2443191		1723
1021		2501		2445584		1721
1022		2499		2447976		1732
1023		2501		2450369		1723
1024		2496		2452763		1721
1025		2495		2455153		1725
1026		2489		2457544		1730
1027		2501		2459938		1729
1028		2494		2462330		1726
1029		2499		2464725		1725
1030		2492		2467119		1725
1031		2497		2469513		1721
1032		2489		2471908		1726
1033		2493		2474303		1723
1034		2484		2476697		1721
1035		2492		2479090		1724
1036		2488		2481481		1727
1037		2489		2483872		1722
1038		2489		2486266		1726
1039		2490		2488660		1728
1040		2487		2491055		1726
1041		2496		2493445		1727
1042		2483		2495838		1723
1043		2496		2498230		1725
1044		2488		2500622		1731
1045		2490		2503015		1725
1046		2485		2505409		1735
1047		2487		2507803		1722
1048		2484		2510196		1733
1049		2489		2512591		1731
1050		2474		2514985		1733
1051		2485		2517379		1729
1052		2479		2519772		1732
1053		2490		2522165		1725
1054		2480		2524559		1738
1055		2486		2526953		1734
1056		2482		2529347		1738
1057		2488		2531742		1723
1058		2481		2534137		1731
1059		2487		2536530		1729
1060		2485		2538922		1735
1061		2483		2541315		1727
1062		2476		2543709		1729
1063		2481		2546102		1727
1064		2479		2548496		1735
1065		2482		2550889		1733
1066		2476		2553281		1731
1067		2480		2555674		1733
1068		2474		2558066		1726
1069		2486		2560457		1730
1070		2486		2562850		1734
1071		2490		2565242		1729
1072		2480		2567634		1726
1073		2490		2570028		1721
1074		2478		2572421		1730
1075		2489		2574815		1734
1076		2481		2577203		1732
1077		2489		2579597		1732
1078		2477		2581992		1737
1079		2489		2584384		1732
1080		2483		2586776		1731
1081		2486		2589168		1733
1082		2481		2591561		1738
1083		2485		2593954		1738
1084		2483		2596348		1734
1085		2488		2598743		1737
1086		2495		2601135		1741
1087		2492		2603527		1731
1088		2490		2605917		1739
1089		2478		2608310		1736
1090		2484		2610703		1740
1091		2487		2613095		1735
1092		2490		2615489		1736
1093		2484		2617883		1735
1094		2486		2620277		1732
1095		2489		2622671		1731
1096		2479		2625063		1743
1097		2483		2627457		1730
1098		2483		2629849		1733
1099		2484		2632242		1739
1100		2481		2634635		1739
1101		2486		2637027		1733
1102		2477		2639420		1734
1103		2488		2641812		1732
1104		2482		2644204		1739
1105		2484		2646599		1737
1106		2481		2648994		1738
1107		2484		2651388		1739
1108		2491		2653781		1738
1109		2493		2656175		1732
1110		2491		2658570		1740
1111		2490		2660962		1729
1112		2484		2663354		1739
1113		2495		2665743		1731
1114		2488		2668137		1742
1115		2487		2670531		1737
1116		2479		2672924		1742
1117		2487		2675318		1736
1118		2480		2677713		1735
1119		2486		2680106		1731
1120		2482		2682500		1738
1121		2489		2684894		1730
1122		2480		2687287		1741
1123		2485		2689679		1736
1124		2479		2692072		1734
1125		2481		2694465		1732
1126		2477		2696860		1736
1127		2484		2699254		1734
1128		2480		2701648		1738
1129		2482		2704042		1731
1130		2476		2706436		1733
1131		2481		2708829		1730
1132		2475		2711224		1738
1133		2484		2713619		1733
1134		2479		2716013		1736
1135		2493		2718407		1730
1136		2475		2720802		1738
1137		2484		2723195		1725
1138		2478		2725586		1735
1139		2481		2727980		1732
1140		2478		2730374		1737
1141		2484		2732766		1736
1142		2479		2735158		1738
1143		2478		2737552		1723
1144		2481		2739946		1730
1145		2479		2742338		1726
1146		2468		2744731		1735
1147		2480		2747124		1725
1148		2466		2749515		1728
1149		2473		2751909		1724
1150		2479		2754300		1734
1151		2482		2756695		1728
1152		2478		2759086		1737
1153		2477		2761480		1730
1154		2479		2763872		1732
1155		2478		2766267		1732
1156		2472		2768660		1739
1157		2477		2771054		1732
1158		2468		2773446		1740
1159		2473		2775841		1738
1160		2470		2778235		1735
1161		2477		2780630		1733
1162		2473		2783023		1737
1163		2482		2785416		1726
1164		2477		2787808		1736
1165		2481		2790202		1732
1166		2470		2792596		1732
1167		2474		2794986		1728
1168		2470		2797380		1733
1169		2471		2799773		1728
1170		2463		2802166		1730
1171		2466		2804555		1728
1172		2459		2806948		1736
1173		2469		2809341		1728
1174		2473		2811735		1732
1175		2471		2814129		1729
1176		2471		2816524		1734
1177		2474		2818918		1724
1178		2472		2821311		1728
1179		2481		2823704		1728
1180		2466		2826096		1732
1181		2474		2828490		1729
1182		2470		2830883		1730
1183		2476		2833274		1723
1184		2465		2835667		1730
1185		2472		2838060		1724
1186		2466		2840452		1722
1187		2465		2842844		1722
1188		2460		2845238		1725
1189		2466		2847632		1727
1190		2467		2850025		1733
1191		2464		2852417		1726
1192		2463		2854809		1729
1193		2466		2857202		1731
1194		2455		2859594		1726
1195		2467		2861988		1728
1196		2459		2864382		1726
1197		2460		2866774		1726
1198		2458		2869167		1726
1199		2466		2871560		1726
1200		2464		2873951		1732
1201		2457		2876346		1724
1202		2452		2878734		1730
1203		2458		2881128		1731
1204		2449		2883519		1728
1205		2459		2885914		1728
1206		2457		2888309		1730
1207		2458		2890703		1732
1208		2453		2893096		1734
1209		2452		2895489		1734
1210		2455		2897883		1736
1211		2463		2900275		1731
1212		2455		2902667		1726
1213		2455		2905062		1727
1214		2453		2907454		1729
1215		2462		2909847		1729
1216		2457		2912240		1732
1217		2457		2914634		1735
1218		2448		2917026		1737
1219		2451		2919420		1736
1220		2457		2921811		1740
1221		2456		2924206		1737
1222		2451		2926596		1739
1223		2453		2928989		1738
1224		2448		2931381		1736
1225		2455		2933775		1735
1226		2449		2936165		1733
1227		2459		2938558		1733
1228		2455		2940951		1737
1229		2454		2943342		1735
1230		2456		2945737		1738
1231		2454		2948130		1738
1232		2458		2950521		1737
1233		2448		2952914		1736
1234		2458		2955306		1740
1235		2459		2957699		1739
1236		2448		2960091		1734
1237		2451		2962484		1730
1238		2450		2964878		1736
1239		2447		2967272		1730
1240		2449		2969667		1736
1241		2454		2972059		1740
1242		2449		2974452		1739
1243		2452		2976845		1742
1244		2449		2979239		1740
1245		2453		2981629		1741
1246		2445		2984023		1739
1247		2451		2986416		1737
1248		2444		2988810		1737
1249		2451		2991203		1733
1250		2449		2993598		1737
1251		2458		2995992		1736
1252		2453		2998385		1740
1253		2447		3000779		1741
1254		2446		3003171		1743
1255		2447		3005563		1735
1256		2448		3007957		1738
1257		2449		3010352		1734
1258		2441		3012745		1741
1259		2445		3015138		1736
1260		2445		3017532		1743
1261		2448		3019926		1738
1262		2440		3022320		1744
1263		2449		3024712		1740
1264		2450		3027104		1745
1265		2450		3029497		1736
1266		2446		3031891		1741
1267		2445		3034284		1742
1268		2455		3036679		1747
1269		2445		3039072		1740
1270		2447		3041466		1742
1271		2454		3043860		1740
1272		2453		3046251		1745
1273		2455		3048645		1737
1274		2447		3051040		1742
1275		2450		3053430		1741
1276		2452		3055823		1748
1277		2449		3058217		1735
1278		2447		3060612		1741
1279		2450		3063007		1740
1280		2448		3065398		1741
1281		2450		3067792		1737
1282		2454		3070186		1744
1283		2452		3072580		1742
1284		2448		3074972		1746
1285		2454		3077365		1751
1286		2452		3079760		1745
1287		2454		3082153		1740
1288		2444		3084545		1746
1289		2453		3086940		1739
1290		2450		3089333		1747
1291		2449		3091726		1736
1292		2454		3094120		1740
1293		2447		3096514		1735
1294		2447		3098909		1740
1295		2439		3101301		1739
1296		2446		3103696		1740
1297		2447		3106088		1740
1298		2442		3108481		1741
1299		2443		3110876		1730
1300		2437		3113268		1739
1301		2442		3115659		1738
1302		2441		3118050		1739
1303		2438		3120441		1741
1304		2443		3122833		1742
1305		2445		3125228		1739
1306		2442		3127621		1742
1307		2442		3130013		1733
1308		2442		3132407		1738
1309		2441		3134801		1739
1310		2440		3137194		1739
1311		2442		3139588		1748
1312		2443		3141982		1742
1313		2445		3144375		1740
1314		2440		3146765		1745
1315		2436		3149157		1740
1316		2439		3151551		1744
1317		2446		3153944		1738
1318		2441		3156338		1744
1319		2437		3158731		1741
1320		2441		3161124		1747
1321		2437		3163515		1742
1322		2441		3165905		1744
1323		2445		3168300		1741
1324		2444		3170694		1747
1325		2436		3173085		1737
1326		2437		3175479		1741
1327		2440		3177873		1734
1328		2443		3180267		1740
1329		2438		3182660		1741
1330		2441		3185054		1743
1331		2431		3187447		1738
1332		2434		3189841		1750
1333		2438		3192235		1737
1334		2440		3194628		1746
1335		2437		3197021		1739
1336		2444		3199415		1747
1337		2440		3201806		1735
1338		2436		3204199		1747
1339		2438		3206590		1744
1340		2441		3208984		1738
1341		2446		3211375		1742
1342		2437		3213766		1741
1343		2436		3216160		1741
1344		2435		3218554		1740
1345		2440		3220948		1743
1346		2439		3223338		1743
1347		2441		3225732		1744
1348		2436		3228127		1739
1349		2438		3230519		1744
1350		2441		3232914		1741
1351		2438		3235309		1741
1352		2434		3237704		1739
1353		2434		3240098		1739
1354		2432		3242490		1743
1355		2434		3244882		1742
1356		2439		3247275		1749
1357		2436		3249670		1749
1358		2433		3252060		1744
1359		2431		3254453		1746
1360		2434		3256848		1746
1361		2436		3259242		1753
1362		2434		3261635		1752
1363		2438		3264028		1750
1364		2436		3266421		1741
1365		2428		3268814		1746
1366		2428		3271207		1751
1367		2436		3273599		1745
1368		2438		3275994		1740
1369		2443		3278384		1744
1370		2431		3280776		1742
1371		2434		3283168		1741
1372		2432		3285561		1744
1373		2431		3287955		1747
1374		2432		3290350		1740
1375		2431		3292743		1741
1376		2432		3295134		1744
1377		2435		3297523		1747
1378		2437		3299915		1744
1379		2432		3302308		1742
1380		2434		3304700		1750
1381		2434		3307093		1744
1382		2428		3309487		1749
1383		2430		3311881		1747
1384		2430		3314275		1744
1385		2426		3316668		1751
1386		2430		3319060		1745
1387		2432		3321455		1747
1388		2431		3323847		1744
1389		2431		3326240		1745
1390		2425		3328634		1745
1391		2426		3331028		1748
1392		2435		3333420		1748
1393		2431		3335813		1749
1394		2426		3338205		1751
1395		2433		3340596		1751
1396		2442		3342991		1740
1397		2437		3345383		1744
1398		2437		3347777		1747
1399		2433		3350170		1740
1400		2431		3352562		1743
1401		2437		3354956		1746
1402		2440		3357348		1745
1403		2431		3359740		1748
1404		2424		3362135		1752
1405		2432		3364529		1749
1406		2433		3366921		1753
1407		2435		3369315		1749
1408		2433		3371707		1752
1409		2427		3374101		1752
1410		2425		3376495		1747
1411		2430		3378889		1747
1412		2426		3381283		1747
1413		2427		3383676		1740
1414		2420		3386070		1749
1415		2426		3388463		1747
1416		2428		3390858		1747
1417		2431		3393250		1748
1418		2426		3395645		1745
1419		2427		3398036		1746
1420		2433		3400431		1741
1421		2427		3402822		1744
1422		2424		3405215		1751
1423		2427		3407608		1746
1424		2423		3410001		1748
1425		2421		3412396		1746
1426		2417		3414790		1748
1427		2421		3417183		1745
1428		2414		3419576		1751
1429		2427		3421971		1748
1430		2430		3424362		1748
1431		2429		3426757		1751
1432		2428		3429149		1746
1433		2430		3431542		1746
1434		2428		3433933		1743
1435		2430		3436327		1746
1436		2428		3438720		1743
1437		2431		3441114		1740
1438		2422		3443507		1748
1439		2425		3445898		1748
1440		2417		3448290		1747
1441		2424		3450682		1753
1442		2419		3453076		1749
1443		2429		3455468		1748
1444		2426		3457863		1749
1445		2432		3460257		1745
1446		2426		3462652		1746
1447		2424		3465043		1746
1448		2421		3467437		1741
1449		2425		3469831		1742
1450		2422		3472224		1753
1451		2428		3474618		1747
1452		2422		3477012		1741
1453		2420		3479406		1744
1454		2422		3481800		1742
1455		2425		3484194		1746
1456		2424		3486586		1744
1457		2427		3488978		1740
1458		2429		3491371		1747
1459		2428		3493764		1745
1460		2424		3496157		1737
1461		2427		3498549		1741
1462		2423		3500942		1736
1463		2424		3503335		1738
1464		2422		3505727		1742
1465		2419		3508122		1742
1466		2420		3510515		1737
1467		2421		3512907		1742
1468		2415		3515299		1735
1469		2418		3517694		1738
1470		2418		3520087		1737
1471		2420		3522480		1741
1472		2421		3524872		1744
1473		2417		3527266		1740
1474		2413		3529660		1739
1475		2420		3532054		1732
1476		2419		3534449		1742
1477		2419		3536843		1733
1478		2421		3539238		1739
1479		2422		3541632		1735
1480		2420		3544026		1739
1481		2424		3546421		1744
1482		2416		3548815		1741
1483		2423		3551207		1738
1484		2416		3553601		1739
1485		2422		3555996		1746
1486		2411		3558390		1737
1487		2424		3560785		1744
1488		2418		3563179		1738
1489		2425		3565572		1739
1490		2412		3567966		1742
1491		2413		3570361		1740
1492		2416		3572755		1746
1493		2420		3575146		1749
1494		2416		3577540		1744
1495		2422		3579932		1740
1496		2418		3582325		1741
1497		2415		3584718		1744
1498		2422		3587113		1744
1499		2416		3589505		1743
1500		2422		3591898		1743
1501		2421		3594293		1743
1502		2414		3596686		1736
1503		2419		3599079		1740
1504		2403		3601473		1740
1505		2419		3603865		1750
1506		2415		3606260		1740
1507		2417		3608651		1748
1508		2406		3611044		1743
1509		2412		3613438		1746
1510		2411		3615831		1749
1511		2416		3618225		1749
1512		2411		3620620		1741
1513		2417		3623015		1744
1514		2411		3625407		1742
1515		2414		3627802		1748
1516		2411		3630195		1740
1517		2410		3632589		1737
1518		2412		3634983		1738
1519		2416		3637376		1740
1520		2412		3639770		1742
1521		2416		3642163		1746
1522		2415		3644556		1743
1523		2412		3646951		1741
1524		2401		3649344		1742
1525		2412		3651737		1747
1526		2405		3654130		1749
1527		2405		3656524		1743
1528		2409		3658917		1742
1529		2414		3661310		1745
1530		2404		3663704		1746
1531		2412		3666098		1749
1532		2410		3668491		1748
1533		2408		3670884		1742
1534		2409		3673279		1743
1535		2409		3675673		1740
1536		2409		3678067		1744
1537		2412		3680460		1749
1538		2410		3682852		1737
1539		2405		3685244		1747
1540		2401		3687637		1747
1541		2407		3690031		1745
1542		2408		3692422		1744
1543		2409		3694816		1742
1544		2407		3697209		1743
1545		2414		3699600		1748
1546		2413		3701993		1745
1547		2414		3704386		1744
1548		2410		3706778		1748
1549		2420		3709171		1745
1550		2417		3711564		1741
1551		2414		3713956		1741
1552		2411		3716351		1748
1553		2412		3718746		1745
1554		2406		3721140		1744
1555		2410		3723532		1747
1556		2402		3725926		1746
1557		2404		3728319		1741
1558		2397		3730711		1746
1559		2406		3733105		1741
1560		2406		3735498		1737
1561		2404		3737889		1742
1562		2402		3740282		1746
1563		2404		3742675		1743
1564		2402		3745067		1736
1565		2401		3747462		1740
1566		2399		3749854		1742
1567		2401		3752248		1747
1568		2399		3754641		1741
1569		2398		3757035		1743
1570		2399		3759429		1739
1571		2395		3761821		1744
1572		2392		3764215		1739
1573		2403		3766610		1748
1574		2403		3769002		1743
1575		2403		3771397		1742
1576		2406		3773789		1742
1577		2404		3776180		1749
1578		2401		3778575		1743
1579		2402		3780967		1744
1580		2398		3783360		1743
1581		2405		3785749		1749
1582		2397		3788143		1745
1583		2402		3790536		1749
1584		2403		3792931		1741
1585		2402		3795322		1745
1586		2410		3797714		1750
1587		2402		3800107		1747
1588		2400		3802501		1747
1589		2402		3804896		1747
1590		2404		3807291		1739
1591		2403		3809685		1751
1592		2408		3812078		1746
1593		2405		3814470		1749
1594		2407		3816864		1746
1595		2405		3819259		1745
1596		2402		3821652		1745
1597		2404		3824047		1743
1598		2402		3826439		1744
1599		2403		3828833		1751
1600		2402		3831227		1750
1601		2408		3833620		1746
1602		2404		3836012		1747
1603		2397		3838407		1746
1604		2401		3840800		1744
1605		2403		3843194		1742
1606		2402		3845588		1746
1607		2404		3847983		1747
1608		2403		3850374		1743
1609		2408		3852765		1747
1610		2402		3855160		1742
1611		2411		3857552		1741
1612		2407		3859944		1740
1613		2404		3862338		1747
1614		2402		3864732		1742
1615		2402		3867123		1743
1616		2402		3869514		1743
1617		2403		3871909		1742
1618		2392		3874303		1740
1619		2396		3876697		1737
1620		2400		3879090		1734
1621		2394		3881482		1741
1622		2396		3883877		1736
1623		2395		3886272		1742
1624		2397		3888665		1739
1625		2396		3891057		1740
1626		2393		3893449		1737
1627		2397		3895844		1739
1628		2392		3898238		1736
1629		2397		3900629		1743
1630		2398		3903024		1744
1631		2403		3905419		1740
1632		2399		3907812		1738
1633		2402		3910207		1740
1634		2402		3912598		1739
1635		2404		3914992		1742
1636		2403		3917384		1740
1637		2402		3919779		1740
1638		2401		3922170		1745
1639		2403		3924565		1744
1640		2397		3926957		1742
1641		2397		3929352		1740
1642		2390		3931747		1740
1643		2395		3934140		1742
1644		2393		3936532		1740
1645		2397		3938926		1742
1646		2396		3941317		1739
1647		2400		3943711		1737
1648		2400		3946101		1743
1649		2403		3948495		1743
1650		2399		3950886		1739
1651		2395		3953276		1740
1652		2388		3955671		1740
1653		2394		3958064		1740
1654		2393		3960457		1733
1655		2389		3962851		1743
1656		2391		3965245		1736
1657		2389		3967639		1741
1658		2389		3970033		1742
1659		2392		3972427		1739
1660		2393		3974821		1735
1661		2387		3977213		1736
1662		2393		3979605		1736
1663		2395		3981999		1737
1664		2387		3984392		1735
1665		2397		3986786		1732
1666		2392		3989179		1737
1667		2396		3991573		1741
1668		2393		3993968		1743
1669		2399		3996360		1737
1670		2394		3998753		1739
1671		2398		4001145		1735
1672		2395		4003539		1735
1673		2390		4005934		1741
1674		2393		4008325		1741
1675		2393		4010720		1743
1676		2391		4013114		1741
1677		2393		4015508		1739
1678		2388		4017901		1742
1679		2388		4020294		1740
1680		2388		4022683		1741
1681		2393		4025075		1739
1682		2392		4027470		1740
1683		2392		4029863		1740
1684		2391		4032258		1743
1685		2395		4034650		1750
1686		2387		4037043		1746
1687		2393		4039437		1745
1688		2389		4041831		1748
1689		2400		4044222		1746
1690		2395		4046613		1745
1691		2390		4049004		1743
1692		2390		4051399		1743
1693		2394		4053791		1750
1694		2398		4056184		1749
1695		2393		4058575		1745
1696		2392		4060970		1743
1697		2397		4063362		1745
1698		2397		4065756		1744
1699		2394		4068147		1744
1700		2394		4070540		1742
1701		2400		4072935		1746
1702		2393		4075329		1748
1703		2397		4077722		1744
1704		2392		4080116		1751
1705		2398		4082511		1750
1706		2395		4084903		1747
1707		2395		4087296		1747
1708		2401		4089691		1742
1709		2396		4092084		1744
1710		2397		4094477		1741
1711		2388		4096871		1742
1712		2392		4099266		1743
1713		2397		4101659		1748
1714		2395		4104054		1748
1715		2391		4106448		1749
1716		2395		4108840		1742
1717		2402		4111235		1747
1718		2392		4113627		1745
1719		2391		4116018		1746
1720		2386		4118411		1742
1721		2391		4120805		1746
1722		2390		4123198		1749
1723		2391		4125592		1737
1724		2388		4127986		1738
1725		2390		4130380		1741
1726		2393		4132774		1742
1727		2388		4135165		1744
1728		2392		4137559		1741
1729		2396		4139953		1744
1730		2398		4142343		1748
1731		2395		4144736		1745
1732		2391		4147128		1739
1733		2393		4149523		1742
1734		2392		4151916		1747
1735		2391		4154309		1750
1736		2389		4156703		1744
1737		2390		4159091		1750
1738		2386		4161483		1751
1739		2389		4163877		1750
1740		2388		4166269		1750
1741		2389		4168661		1751
1742		2390		4171055		1747
1743		2390		4173447		1752
1744		2392		4175841		1747
1745		2391		4178235		1748
1746		2393		4180628		1745
1747		2394		4183023		1746
1748		2394		4185416		1741
1749		2392		4187809		1749
1750		2391		4190198		1745
1751		2390		4192589		1744
1752		2393		4194982		1746
1753		2391		4197376		1747
1754		2391		4199768		1743
1755		2394		4202161		1747
1756		2392		4204556		1739
1757		2397		4206950		1741
1758		2391		4209343		1741
1759		2394		4211737		1740
1760		2394		4214128		1741
1761		2401		4216522		1747
1762		2398		4218915		1747
1763		2394		4221307		1751
1764		2391		4223700		1746
1765		2393		4226093		1744
1766		2390		4228485		1747
1767		2397		4230878		1741
1768		2389		4233271		1741
1769		2395		4235664		1748
1770		2390		4238058		1744
1771		2395		4240451		1750
1772		2392		4242843		1745
1773		2395		4245235		1745
1774		2390		4247628		1743
1775		2395		4250018		1735
1776		2393		4252410		1746
1777		2397		4254804		1745
1778		2397		4257198		1744
1779		2401		4259593		1747
1780		2397		4261986		1741
1781		2400		4264378		1747
1782		2393		4266772		1743
1783		2388		4269165		1748
1784		2390		4271559		1741
1785		2393		4273953		1745
1786		2394		4276346		1747
1787		2396		4278738		1750
1788		2395		4281131		1741
1789		2399		4283525		1746
1790		2399		4285920		1743
1791		2396		4288313		1747
1792		2391		4290707		1745
1793		2398		4293102		1749
1794		2391		4295495		1749
1795		2392		4297887		1744
1796		2391		4300280		1745
1797		2391		4302675		1747
1798		2391		4305068		1750
1799		2392		4307463		1744
1800		2389		4309856		1745
1801		2396		4312245		1748
1802		2390		4314635		1743
1803		2394		4317028		1750
1804		2393		4319421		1749
1805		2393		4321814		1751
1806		2396		4324207		1743
1807		2396		4326600		1744
1808		2396		4328993		1741
1809		2398		4331386		1742
1810		2387		4333778		1739
1811		2393		4336172		1746
1812		2389		4338566		1743
1813		2393		4340961		1746
1814		2387		4343354		1741
1815		2393		4345744		1741
1816		2391		4348138		1742
1817		2389		4350532		1740
1818		2389		4352925		1743
1819		2398		4355320		1751
1820		2389		4357712		1746
1821		2391		4360107		1749
1822		2390		4362501		1744
1823		2393		4364895		1744
1824		2388		4367289		1741
1825		2399		4369682		1751
1826		2392		4372076		1744
1827		2403		4374470		1749
1828		2398		4376861		1744
1829		2400		4379255		1744
1830		2395		4381650		1746
1831		2399		4384043		1748
1832		2401		4386435		1744
1833		2401		4388827		1750
1834		2394		4391220		1741
1835		2401		4393611		1749
1836		2389		4396003		1752
1837		2400		4398397		1748
1838		2397		4400791		1746
1839		2397		4403183		1754
1840		2392		4405577		1748
1841		2400		4407971		1752
1842		2395		4410364		1745
1843		2401		4412759		1750
1844		2398		4415154		1743
1845		2401		4417547		1754
1846		2393		4419938		1752
1847		2395		4422332		1752
1848		2393		4424724		1750
1849		2397		4427117		1745
1850		2392		4429510		1748
1851		2396		4431902		1747
1852		2385		4434296		1748
1853		2395		4436690		1746
1854		2389		4439081		1745
1855		2396		4441475		1745
1856		2393		4443869		1747
1857		2396		4446260		1748
1858		2391		4448654		1747
1859		2395		4451047		1740
1860		2396		4453440		1740
1861		2394		4455832		1748
1862		2393		4458225		1745
1863		2396		4460617		1748
1864		2390		4463012		1749
1865		2399		4465407		1747
1866		2388		4467800		1749
1867		2393		4470193		1747
1868		2393		4472586		1749
1869		2400		4474980		1749
1870		2393		4477374		1751
1871		2398		4479766		1752
1872		2392		4482159		1756
1873		2402		4484553		1751
1874		2400		4486948		1749
1875		2400		4489342		1755
1876		2393		4491737		1750
1877		2401		4494130		1755
1878		2393		4496525		1752
1879		2399		4498918		1755
1880		2388		4501310		1748
1881		2398		4503704		1753
1882		2395		4506094		1749
1883		2402		4508486		1752
1884		2401		4510877		1749
1885		2397		4513272		1752
1886		2390		4515667		1751
1887		2396		4518057		1748
1888		2391		4520450		1751
1889		2404		4522842		1749
1890		2395		4525236		1748
1891		2395		4527631		1755
1892		2385		4530026		1748
1893		2399		4532420		1750
1894		2390		4534813		1744
1895		2402		4537207		1743
1896		2387		4539600		1746
1897		2397		4541994		1744
1898		2390		4544388		1751
1899		2395		4546781		1751
1900		2390		4549176		1750
1901		2403		4551571		1748
1902		2386		4553966		1748
1903		2397		4556360		1745
1904		2391		4558754		1750
1905		2394		4561148		1752
1906		2390		4563542		1748
1907		2397		4565937		1751
1908		2399		4568332		1745
1909		2398		4570724		1750
1910		2397		4573118		1749
1911		2400		4575511		1750
1912		2389		4577906		1744
1913		2395		4580299		1748
1914		2385		4582693		1742
1915		2394		4585085		1749
1916		2384		4587475		1747
1917		2390		4589869		1750
1918		2392		4592262		1747
1919		2399		4594656		1746
1920		2391		4597050		1749
1921		2388		4599445		1752
1922		2387		4601835		1753
1923		2391		4604228		1753
1924		2388		4606621		1749
1925		2391		4609016		1748
1926		2393		4611408		1753
1927		2397		4613797		1749
1928		2391		4616187		1749
1929		2395		4618582		1746
1930		2391		4620975		1747
1931		2389		4623368		1751
1932		2396		4625762		1749
1933		2394		4628154		1748
1934		2388		4630548		1747
1935		2394		4632943		1749
1936		2390		4635335		1747
1937		2400		4637729		1740
1938		2391		4640124		1751
1939		2396		4642518		1756
1940		2389		4644911		1750
1941		2392		4647303		1744
1942		2393		4649697		1754
1943		2393		4652091		1757
1944		2389		4654481		1752
1945		2403		4656873		1754
1946		2390		4659267		1755
1947		2400		4661659		1754
1948		2393		4664052		1750
1949		2397		4666444		1753
1950		2388		4668837		1748
1951		2394		4671232		1752
1952		2392		4673625		1741
1953		2396		4676018		1756
1954		2394		4678413		1749
1955		2399		4680807		1750
1956		2395		4683202		1751
1957		2397		4685595		1744
1958		2397		4687989		1749
1959		2397		4690382		1747
1960		2396		4692777		1743
1961		2398		4695171		1749
1962		2394		4697565		1744
1963		2400		4699959		1745
1964		2395		4702354		1746
1965		2397		4704749		1748
1966		2396		4707140		1749
1967		2397		4709533		1746
1968		2390		4711927		1748
1969		2391		4714320		1755
1970		2392		4716713		1748
1971		2391		4719107		1749
1972		2387		4721500		1747
1973		2396		4723890		1749
1974		2393		4726285		1749
1975		2398		4728679		1750
1976		2398		4731072		1748
1977		2403		4733464		1749
1978		2399		4735859		1750
1979		2398		4738248		1751
1980		2389		4740643		1743
1981		2391		4743032		1751
1982		2385		4745425		1740
1983		2392		4747820		1744
1984		2386		4750214		1744
1985		2390		4752608		1745
1986		2394		4755002		1751
1987		2401		4757394		1748
1988		2395		4759783		1754
1989		2391		4762178		1752
1990		2389		4764573		1748
1991		2396		4766967		1753
1992		2390		4769360		1752
1993		2379		4771753		1755
1994		2385		4774145		1754
1995		2384		4776540		1756
1996		2387		4778930		1749
1997		2384		4781325		1749
1998		2383		4783715		1749
1999		2381		4786110		1750
2000		2382		4788502		1751
2001		2384		4790897		1745
2002		2380		4793292		1753
2003		2384		4795685		1755
2004		2386		4798078		1749
2005		2394		4800471		1755
2006		2392		4802862		1754
2007		2384		4805254		1750
2008		2390		4807649		1754
2009		2394		4810042		1755
2010		2394		4812436		1754
2011		2384		4814828		1748
2012		2384		4817222		1751
2013		2388		4819616		1756
2014		2386		4822009		1752
2015		2380		4824400		1748
2016		2379		4826793		1750
2017		2385		4829184		1748
2018		2378		4831577		1752
2019		2380		4833970		1747
2020		2371		4836365		1752
2021		2382		4838760		1753
2022		2383		4841153		1753
2023		2384		4843548		1747
2024		2376		4845942		1757
2025		2375		4848331		1744
2026		2374		4850725		1752
2027		2377		4853120		1750
2028		2377		4855515		1755
2029		2374		4857907		1757
2030		2380		4860302		1753
2031		2382		4862696		1754
2032		2376		4865090		1755
2033		2388		4867482		1754
2034		2384		4869876		1756
2035		2386		4872269		1758
2036		2376		4874662		1752
2037		2385		4877054		1753
2038		2383		4879448		1757
2039		2389		4881842		1749
2040		2378		4884234		1749
2041		2377		4886627		1749
2042		2376		4889021		1748
2043		2382		4891416		1756
2044		2382		4893806		1747
2045		2382		4896199		1754
2046		2382		4898592		1748
2047		2389		4900985		1750
2048		2383		4903379		1748
2049		2383		4905774		1753
2050		2383		4908168		1750
2051		2386		4910562		1752
2052		2377		4912955		1750
2053		2380		4915350		1752
2054		2380		4917744		1749
2055		2384		4920136		1751
2056		2377		4922527		1755
2057		2380		4924921		1755
2058		2378		4927315		1755
2059		2381		4929710		1752
2060		2381		4932104		1753
2061		2382		4934499		1753
2062		2373		4936894		1753
2063		2377		4939288		1758
2064		2378		4941682		1755
2065		2381		4944074		1758
2066		2380		4946467		1750
2067		2379		4948862		1752
2068		2376		4951255		1752
2069		2383		4953648		1754
2070		2378		4956038		1752
2071		2385		4958431		1756
2072		2379		4960823		1751
2073		2381		4963216		1757
2074		2377		4965608		1755
2075		2382		4968003		1754
2076		2381		4970397		1750
2077		2378		4972791		1751
2078		2377		4975183		1754
2079		2383		4977575		1754
2080		2375		4979969		1753
2081		2382		4982361		1754
2082		2380		4984754		1752
2083		2385		4987148		1751
2084		2373		4989541		1752
2085		2376		4991936		1752
2086		2375		4994329		1752
2087		2385		4996723		1751
2088		2378		4999117		1753
2089		2382		5001511		1760
2090		2374		5003906		1752
2091		2379		5006295		1752
2092		2373		5008688		1754
2093		2382		5011081		1752
2094		2374		5013475		1758
2095		2378		5015867		1755
2096		2371		5018262		1757
2097		2376		5020656		1750
2098		2378		5023050		1754
2099		2381		5025443		1751
2100		2369		5027834		1749
2101		2384		5030228		1755
2102		2372		5032623		1758
2103		2375		5035017		1754
2104		2376		5037412		1758
2105		2381		5039804		1760
2106		2378		5042198		1753
2107		2380		5044593		1751
2108		2379		5046988		1753
2109		2388		5049382		1755
2110		2378		5051775		1750
2111		2378		5054167		1753
2112		2379		5056560		1750
2113		2375		5058954		1751
2114		2376		5061349		1745
2115		2379		5063741		1751
2116		2370		5066135		1751
2117		2377		5068528		1752
2118		2374		5070921		1749
2119		2372		5073312		1750
2120		2372		5075703		1752
2121		2378		5078098		1753
2122		2370		5080492		1752
2123		2375		5082883		1751
2124		2371		5085277		1746
2125		2377		5087671		1750
2126		2370		5090065		1750
2127		2376		5092459		1749
2128		2370		5094852		1754
2129		2377		5097246		1754
2130		2372		5099641		1752
2131		2377		5102035		1753
2132		2376		5104428		1750
2133		2374		5106823		1747
2134		2374		5109214		1755
2135		2381		5111606		1752
2136		2369		5114000		1756
2137		2371		5116394		1755
2138		2374		5118789		1750
2139		2375		5121184		1755
2140		2372		5123578		1753
2141		2373		5125972		1753
2142		2371		5128365		1750
2143		2373		5130760		1751
2144		2372		5133155		1755
2145		2379		5135548		1751
2146		2374		5137939		1752
2147		2375		5140332		1750
2148		2368		5142724		1750
2149		2375		5145116		1751
2150		2372		5147509		1754
2151		2375		5149902		1750
2152		2367		5152295		1753
2153		2371		5154689		1753
2154		2365		5157084		1753
2155		2372		5159475		1756
2156		2373		5161868		1752
2157		2374		5164259		1755
2158		2374		5166653		1754
2159		2380		5169048		1756
2160		2378		5171440		1754
2161		2377		5173832		1754
2162		2376		5176226		1749
2163		2376		5178618		1753
2164		2368		5181011		1754
2165		2377		5183404		1754
2166		2369		5185796		1755
2167		2376		5188187		1752
2168		2376		5190582		1753
2169		2382		5192976		1751
2170		2373		5195370		1754
2171		2378		5197764		1754
2172		2374		5200158		1753
2173		2381		5202553		1753
2174		2377		5204946		1748
2175		2378		5207337		1750
2176		2374		5209731		1755
2177		2376		5212125		1750
2178		2368		5214520		1752
2179		2374		5216912		1749
2180		2371		5219305		1754
2181		2374		5221699		1751
2182		2373		5224091		1747
2183		2380		5226485		1749
2184		2376		5228878		1748
2185		2383		5231271		1757
2186		2373		5233664		1754
2187		2374		5236058		1755
2188		2370		5238450		1751
2189		2377		5240844		1753
2190		2365		5243236		1752
2191		2375		5245631		1753
2192		2372		5248026		1757
2193		2378		5250420		1751
2194		2378		5252812		1754
2195		2378		5255204		1757
2196		2376		5257598		1758
2197		2377		5259993		1755
2198		2370		5262384		1754
2199		2369		5264778		1751
2200		2366		5267170		1756
2201		2373		5269565		1755
2202		2365		5271955		1756
2203		2374		5274348		1752
2204		2369		5276742		1755
2205		2371		5279136		1760
2206		2368		5281530		1755
2207		2378		5283925		1755
2208		2369		5286320		1752
2209		2376		5288715		1754
2210		2371		5291109		1757
2211		2377		5293501		1753
2212		2372		5295895		1755
2213		2376		5298290		1753
2214		2368		5300685		1755
2215		2375		5303080		1759
2216		2371		5305473		1757
2217		2374		5307867		1755
2218		2366		5310261		1756
2219		2372		5312654		1756
2220		2370		5315047		1759
2221		2371		5317442		1754
2222		2367		5319836		1753
2223		2375		5322230		1763
2224		2370		5324625		1756
2225		2369		5327018		1755
2226		2367		5329411		1756
2227		2368		5331806		1761
2228		2371		5334199		1756
2229		2375		5336591		1756
2230		2363		5338984		1753
2231		2371		5341379		1758
2232		2362		5343773		1752
2233		2370		5346165		1757
2234		2367		5348560		1753
2235		2366		5350953		1761
2236		2364		5353345		1760
2237		2368		5355740		1757
2238		2364		5358133		1755
2239		2370		5360524		1759
2240		2365		5362917		1757
2241		2370		5365308		1760
2242		2366		5367701		1752
2243		2368		5370096		1753
2244		2362		5372490		1754
2245		2369		5374881		1758
2246		2362		5377274		1757
2247		2365		5379669		1756
2248		2365		5382061		1759
2249		2368		5384454		1757
2250		2363		5386847		1756
2251		2371		5389241		1748
2252		2363		5391632		1758
2253		2370		5394027		1755
2254		2366		5396421		1753
2255		2369		5398812		1758
2256		2367		5401206		1752
2257		2369		5403601		1754
2258		2366		5405996		1755
2259		2372		5408389		1754
2260		2367		5410782		1756
2261		2369		5413176		1755
2262		2367		5415569		1754
2263		2373		5417960		1757
2264		2368		5420352		1759
2265		2370		5422747		1760
2266		2369		5425140		1758
2267		2368		5427532		1756
2268		2363		5429925		1758
2269		2371		5432319		1757
2270		2370		5434714		1758
2271		2373		5437109		1758
2272		2370		5439503		1755
2273		2374		5441897		1760
2274		2368		5444292		1756
2275		2376		5446686		1757
2276		2365		5449081		1755
2277		2376		5451474		1759
2278		2368		5453868		1757
2279		2368		5456262		1756
2280		2368		5458656		1757
2281		2374		5461050		1758
2282		2367		5463443		1754
2283		2371		5465836		1757
2284		2366		5468228		1754
2285		2370		5470622		1760
2286		2369		5473015		1754
2287		2374		5475408		1757
2288		2370		5477801		1756
2289		2374		5480196		1759
2290		2368		5482591		1757
2291		2373		5484981		1757
2292		2368		5487376		1759
2293		2374		5489771		1757
2294		2369		5492165		1761
2295		2371		5494558		1757
2296		2363		5496953		1758
2297		2372		5499347		1757
2298		2364		5501740		1755
2299		2372		5504135		1758
2300		2364		5506530		1753
2301		2373		5508923		1754
2302		2362		5511315		1758
2303		2370		5513707		1757
2304		2364		5516099		1758
2305		2370		5518493		1759
2306		2365		5520888		1753
2307		2368		5523280		1757
2308		2359		5525673		1754
2309		2370		5528067		1754
2310		2363		5530462		1758
2311		2370		5532855		1756
2312		2365		5535249		1754
2313		2371		5537644		1754
2314		2368		5540038		1757
2315		2370		5542431		1755
2316		2366		5544825		1757
2317		2373		5547220		1754
2318		2368		5549615		1755
2319		2376		5552009		1755
2320		2367		5554404		1751
2321		2372		5556795		1755
2322		2366		5559189		1752
2323		2375		5561584		1755
2324		2368		5563979		1749
2325		2374		5566370		1752
2326		2368		5568762		1750
2327		2374		5571157		1750
2328		2364		5573550		1747
2329		2369		5575940		1752
2330		2368		5578334		1747
2331		2371		5580728		1749
2332		2363		5583121		1747
2333		2366		5585514		1750
2334		2363		5587908		1750
2335		2365		5590302		1753
2336		2364		5592696		1747
2337		2366		5595091		1751
2338		2367		5597485		1749
2339		2368		5599878		1749
2340		2366		5602271		1746
2341		2368		5604665		1752
2342		2363		5607056		1751
2343		2373		5609451		1754
2344		2366		5611846		1752
2345		2361		5614239		1755
2346		2363		5616633		1748
2347		2370		5619026		1755
2348		2367		5621421		1751
2349		2365		5623814		1754
2350		2363		5626207		1751
2351		2366		5628601		1756
2352		2360		5630994		1751
2353		2364		5633387		1756
2354		2361		5635781		1755
2355		2370		5638176		1753
2356		2362		5640570		1754
2357		2365		5642963		1750
2358		2366		5645355		1751
2359		2368		5647746		1754
2360		2362		5650139		1750
2361		2371		5652534		1751
2362		2361		5654926		1752
2363		2369		5657321		1754
2364		2362		5659716		1752
2365		2373		5662109		1751
2366		2370		5664502		1750
2367		2370		5666895		1748
2368		2368		5669289		1755
2369		2370		5671681		1751
2370		2364		5674072		1752
2371		2369		5676465		1748
2372		2362		5678860		1746
2373		2365		5681251		1749
2374		2364		5683646		1750
2375		2371		5686039		1753
2376		2360		5688433		1753
2377		2369		5690826		1752
2378		2364		5693219		1750
2379		2366		5695613		1753
2380		2367		5698005		1753
2381		2365		5700399		1754
2382		2364		5702792		1752
2383		2368		5705186		1752
2384		2363		5707580		1755
2385		2368		5709975		1752
2386		2367		5712368		1749
2387		2373		5714761		1751
2388		2361		5717156		1751
2389		2369		5719550		1755
2390		2366		5721943		1752
2391		2365		5724337		1755
2392		2360		5726730		1747
2393		2367		5729125		1753
2394		2363		5731519		1754
2395		2367		5733912		1756
2396		2361		5736307		1753
2397		2365		5738702		1757
2398		2356		5741096		1752
2399		2363		5743489		1754
2400		2355		5745882		1754
2401		2363		5748274		1753
2402		2353		5750666		1751
2403		2360		5753059		1753
2404		2356		5755454		1753
2405		2359		5757847		1755
2406		2357		5760240		1753
2407		2359		5762631		1757
2408		2355		5765025		1754
2409		2365		5767419		1753
2410		2357		5769814		1759
2411		2361		5772205		1754
2412		2357		5774598		1751
2413		2363		5776991		1752
2414		2360		5779384		1754
2415		2365		5781778		1755
2416		2360		5784171		1754
2417		2361		5786564		1754
2418		2360		5788957		1751
2419		2359		5791351		1750
2420		2354		5793744		1750
2421		2362		5796139		1747
2422		2354		5798534		1751
2423		2363		5800928		1749
2424		2358		5803322		1751
2425		2361		5805715		1748
2426		2357		5808109		1744
2427		2357		5810504		1751
2428		2352		5812898		1750
2429		2357		5815293		1750
2430		2354		5817685		1746
2431		2357		5820077		1751
2432		2354		5822470		1745
2433		2362		5824865		1748
2434		2356		5827259		1752
2435		2357		5829650		1748
2436		2355		5832042		1751
2437		2358		5834434		1751
2438		2351		5836822		1750
2439		2357		5839216		1749
2440		2353		5841610		1746
2441		2356		5844005		1750
2442		2351		5846399		1750
2443		2354		5848794		1755
2444		2349		5851187		1751
2445		2352		5853580		1750
2446		2351		5855971		1751
2447		2357		5858361		1753
2448		2351		5860753		1750
2449		2354		5863147		1747
2450		2353		5865542		1749
2451		2361		5867934		1747
2452		2354		5870328		1748
2453		2355		5872721		1753
2454		2351		5875116		1751
2455		2356		5877509		1749
2456		2351		5879903		1746
2457		2354		5882296		1747
2458		2350		5884690		1751
2459		2356		5887085		1749
2460		2348		5889479		1752
2461		2349		5891873		1750
2462		2348		5894268		1752
2463		2355		5896662		1751
2464		2348		5899056		1749
2465		2354		5901450		1751
2466		2348		5903842		1754
2467		2352		5906236		1749
2468		2348		5908628		1747
2469		2352		5911022		1753
2470		2349		5913415		1751
2471		2354		5915808		1755
2472		2352		5918203		1748
2473		2351		5920595		1751
2474		2351		5922988		1748
