# Migration is number of nodes that have changed color.

Round		Edge-Cut		Swaps		Migrations		Skipped
0		5294		2393		666
1		4843		4785		695
2		4479		7178		818
3		4168		9571		856
4		4021		11959		924
5		3947		14354		894
6		3887		16747		983
7		3841		19141		951
8		3798		21535		1022
9		3784		23925		941
10		3755		26317		1013
11		3751		28709		999
12		3725		31101		1041
13		3733		33494		1019
14		3703		35888		1066
15		3705		38283		1032
16		3695		40676		1088
17		3686		43070		1044
18		3654		45464		1107
19		3651		47857		1068
20		3651		50251		1122
21		3634		52642		1071
22		3623		55037		1129
23		3624		57430		1104
24		3611		59820		1143
25		3602		62212		1085
26		3568		64605		1144
27		3555		66996		1101
28		3548		69389		1164
29		3554		71782		1108
30		3542		74173		1170
31		3557		76563		1127
32		3558		78957		1189
33		3558		81351		1134
34		3540		83746		1174
35		3523		86140		1126
36		3491		88532		1209
37		3514		90921		1176
38		3491		93311		1232
39		3493		95701		1177
40		3476		98091		1226
41		3487		100484		1168
42		3459		102872		1245
43		3466		105266		1200
44		3448		107659		1257
45		3447		110051		1217
46		3449		112443		1263
47		3417		114836		1235
48		3432		117227		1246
49		3432		119617		1222
50		3422		122011		1274
51		3421		124403		1238
52		3411		126796		1296
53		3402		129188		1241
54		3412		131580		1291
55		3391		133974		1244
56		3390		136367		1279
57		3384		138760		1248
58		3361		141151		1284
59		3365		143544		1251
60		3347		145939		1306
61		3356		148331		1271
62		3344		150724		1309
63		3356		153117		1290
64		3345		155508		1306
65		3344		157900		1290
66		3313		160294		1339
67		3320		162687		1300
68		3305		165081		1348
69		3304		167475		1293
70		3296		169867		1328
71		3295		172261		1317
72		3269		174655		1343
73		3281		177046		1306
74		3261		179438		1360
75		3279		181832		1332
76		3247		184225		1353
77		3262		186617		1327
78		3241		189010		1359
79		3240		191403		1338
80		3245		193796		1362
81		3225		196189		1342
82		3207		198581		1364
83		3220		200974		1341
84		3223		203367		1381
85		3222		205761		1361
86		3207		208154		1395
87		3203		210547		1370
88		3189		212941		1407
89		3196		215335		1372
90		3201		217725		1394
91		3191		220120		1378
92		3186		222511		1410
93		3169		224903		1361
94		3166		227296		1390
95		3176		229690		1372
96		3168		232085		1406
97		3163		234476		1378
98		3158		236871		1418
99		3160		239266		1378
100		3154		241658		1419
101		3152		244050		1406
102		3149		246443		1410
103		3128		248835		1397
104		3109		251228		1438
105		3123		253621		1408
106		3111		256014		1425
107		3098		258406		1405
108		3115		260800		1438
109		3115		263192		1402
110		3112		265586		1424
111		3117		267981		1393
112		3087		270375		1427
113		3104		272767		1410
114		3099		275162		1438
115		3073		277555		1425
116		3069		279949		1437
117		3070		282342		1410
118		3062		284735		1440
119		3048		287126		1413
120		3049		289518		1445
121		3053		291913		1398
122		3031		294303		1450
123		3043		296695		1420
124		3024		299086		1451
125		3022		301480		1421
126		3014		303874		1454
127		3022		306268		1435
128		3009		308661		1462
129		3013		311056		1425
130		3002		313447		1465
131		3002		315839		1446
132		2991		318232		1469
133		3015		320625		1438
134		2986		323019		1481
135		2991		325413		1459
136		2986		327805		1479
137		2991		330195		1448
138		2995		332589		1495
139		3000		334984		1467
140		3007		337378		1490
141		2995		339771		1464
142		2983		342162		1492
143		2973		344553		1460
144		2973		346945		1493
145		2976		349339		1454
146		2957		351732		1516
147		2961		354124		1463
148		2962		356519		1504
149		2974		358909		1470
150		2963		361303		1520
151		2958		363695		1488
152		2953		366089		1534
153		2949		368483		1491
154		2963		370874		1507
155		2952		373267		1477
156		2955		375662		1505
157		2943		378055		1498
158		2955		380448		1518
159		2943		382842		1484
160		2944		385231		1514
161		2932		387625		1494
162		2946		390019		1513
163		2935		392412		1497
164		2940		394805		1516
165		2942		397194		1496
166		2931		399586		1523
167		2926		401980		1496
168		2928		404372		1527
169		2918		406763		1502
170		2924		409153		1528
171		2908		411546		1496
172		2916		413938		1524
173		2925		416333		1498
174		2917		418725		1519
175		2905		421118		1509
176		2911		423511		1535
177		2896		425903		1512
178		2895		428297		1545
179		2895		430691		1514
180		2898		433085		1550
181		2897		435476		1525
182		2902		437870		1555
183		2892		440261		1526
184		2908		442655		1545
185		2896		445049		1529
186		2885		447442		1542
187		2896		449835		1535
188		2894		452230		1551
189		2892		454625		1530
190		2889		457018		1562
191		2885		459411		1535
192		2881		461805		1561
193		2889		464198		1527
194		2886		466592		1558
195		2879		468985		1546
196		2880		471378		1563
197		2881		473772		1529
198		2891		476164		1564
199		2890		478557		1538
200		2892		480950		1561
201		2877		483343		1546
202		2881		485736		1569
203		2878		488129		1542
204		2883		490522		1571
205		2872		492916		1545
206		2881		495309		1573
207		2886		497702		1546
208		2881		500097		1564
209		2875		502490		1540
210		2877		504883		1574
211		2881		507273		1544
212		2870		509665		1576
213		2881		512058		1545
214		2872		514450		1564
215		2872		516841		1536
216		2877		519233		1571
217		2869		521627		1553
218		2868		524019		1568
219		2876		526412		1562
220		2861		528803		1576
221		2851		531195		1558
222		2845		533586		1576
223		2851		535978		1560
224		2846		538369		1576
225		2835		540761		1561
226		2834		543151		1574
227		2833		545544		1568
228		2823		547939		1573
229		2829		550333		1565
230		2824		552726		1593
231		2828		555121		1578
232		2826		557514		1584
233		2823		559908		1585
234		2821		562301		1589
235		2819		564695		1585
236		2809		567088		1598
237		2818		569480		1578
238		2809		571869		1588
239		2817		574259		1573
240		2817		576650		1579
241		2824		579044		1573
242		2810		581437		1584
243		2818		583830		1561
244		2806		586223		1587
245		2817		588616		1564
246		2799		591010		1584
247		2813		593405		1577
248		2814		595794		1585
249		2815		598185		1566
250		2802		600580		1589
251		2802		602971		1571
252		2793		605359		1584
253		2812		607753		1577
254		2796		610146		1586
255		2801		612537		1578
256		2793		614930		1587
257		2802		617318		1581
258		2777		619709		1589
259		2786		622103		1571
260		2779		624498		1585
261		2784		626891		1584
262		2785		629286		1582
263		2788		631680		1580
264		2771		634070		1591
265		2784		636463		1582
266		2778		638858		1591
267		2784		641250		1578
268		2777		643640		1588
269		2770		646035		1574
270		2770		648425		1593
271		2778		650819		1579
272		2757		653213		1584
273		2774		655607		1577
274		2763		658001		1590
275		2774		660395		1572
276		2751		662788		1598
277		2762		665181		1582
278		2742		667573		1591
279		2755		669967		1582
280		2747		672360		1593
281		2764		674753		1576
282		2757		677144		1591
283		2758		679538		1589
284		2752		681933		1596
285		2767		684326		1581
286		2758		686720		1597
287		2770		689111		1594
288		2757		691506		1598
289		2766		693898		1587
290		2752		696291		1596
291		2770		698682		1584
292		2751		701076		1592
293		2752		703467		1574
294		2754		705862		1600
295		2757		708255		1576
296		2750		710649		1598
297		2752		713044		1586
298		2748		715438		1599
299		2756		717831		1591
300		2762		720225		1600
301		2770		722619		1579
302		2750		725011		1605
303		2748		727404		1579
304		2757		729797		1594
305		2765		732191		1575
306		2751		734582		1595
307		2751		736975		1589
308		2754		739368		1590
309		2756		741759		1592
310		2745		744153		1598
311		2756		746547		1592
312		2739		748939		1594
313		2745		751331		1576
314		2746		753726		1592
315		2750		756118		1579
316		2742		758509		1600
317		2746		760904		1579
318		2740		763299		1594
319		2741		765693		1587
320		2735		768086		1591
321		2741		770480		1590
322		2737		772874		1595
323		2740		775267		1588
324		2731		777661		1619
325		2729		780052		1602
326		2739		782444		1616
327		2743		784836		1605
328		2743		787231		1611
329		2743		789625		1600
330		2734		792017		1614
331		2743		794412		1604
332		2735		796802		1612
333		2743		799195		1614
334		2744		801588		1611
335		2745		803980		1609
336		2741		806373		1615
337		2737		808767		1610
338		2733		811161		1619
339		2733		813554		1601
340		2728		815947		1617
341		2729		818342		1611
342		2723		820735		1620
343		2725		823130		1612
344		2731		825525		1618
345		2726		827917		1617
346		2724		830310		1630
347		2728		832704		1611
348		2714		835099		1634
349		2713		837493		1632
350		2698		839883		1630
351		2705		842278		1625
352		2706		844671		1632
353		2706		847064		1618
354		2710		849453		1629
355		2699		851845		1610
356		2701		854239		1619
357		2705		856629		1609
358		2703		859023		1615
359		2712		861418		1611
360		2715		863812		1637
361		2712		866206		1622
362		2698		868599		1616
363		2697		870992		1622
364		2702		873386		1619
365		2700		875780		1633
366		2704		878173		1629
367		2698		880566		1621
368		2690		882958		1624
369		2691		885352		1627
370		2700		887746		1634
371		2715		890139		1629
372		2705		892531		1634
373		2710		894925		1636
374		2698		897319		1641
375		2703		899713		1629
376		2694		902106		1641
377		2699		904500		1626
378		2687		906894		1639
379		2704		909288		1634
380		2701		911682		1650
381		2702		914076		1639
382		2697		916467		1635
383		2691		918859		1631
384		2688		921253		1635
385		2686		923647		1622
386		2688		926040		1640
387		2688		928435		1630
388		2685		930827		1635
389		2683		933221		1635
390		2684		935616		1639
391		2694		938008		1632
392		2677		940403		1631
393		2687		942797		1636
394		2688		945191		1634
395		2695		947585		1632
396		2686		949977		1636
397		2689		952368		1636
398		2676		954760		1645
399		2687		957150		1634
400		2682		959543		1639
401		2677		961937		1625
402		2677		964332		1634
403		2674		966724		1627
404		2679		969116		1630
405		2681		971507		1635
406		2685		973901		1630
407		2674		976294		1630
408		2678		978686		1637
409		2685		981079		1635
410		2678		983471		1635
411		2681		985866		1631
412		2677		988258		1637
413		2677		990653		1630
414		2681		993046		1634
415		2683		995436		1633
416		2673		997831		1643
417		2686		1000225		1641
418		2673		1002619		1652
419		2677		1005012		1650
420		2668		1007406		1646
421		2674		1009796		1637
422		2664		1012189		1651
423		2662		1014581		1651
424		2664		1016975		1653
425		2671		1019365		1642
426		2666		1021758		1651
427		2670		1024153		1647
428		2658		1026547		1655
429		2664		1028940		1638
430		2675		1031329		1651
431		2674		1033722		1642
432		2671		1036116		1640
433		2666		1038509		1643
434		2664		1040903		1649
435		2663		1043295		1644
436		2661		1045687		1653
437		2656		1048078		1635
438		2665		1050473		1643
439		2656		1052867		1635
440		2649		1055260		1652
441		2662		1057654		1640
442		2666		1060046		1663
443		2668		1062434		1642
444		2662		1064828		1655
445		2666		1067223		1651
446		2677		1069616		1658
447		2666		1072008		1649
448		2662		1074403		1660
449		2657		1076796		1643
450		2656		1079190		1655
451		2648		1081582		1644
452		2658		1083977		1651
453		2656		1086369		1654
454		2649		1088763		1650
455		2649		1091154		1652
456		2649		1093548		1649
457		2650		1095939		1652
458		2653		1098333		1655
459		2652		1100726		1644
460		2648		1103121		1662
461		2644		1105513		1652
462		2643		1107908		1654
463		2639		1110301		1654
464		2647		1112694		1657
465		2643		1115088		1655
466		2641		1117483		1658
467		2635		1119876		1651
468		2644		1122269		1657
469		2643		1124663		1662
470		2650		1127056		1654
471		2641		1129449		1655
472		2638		1131841		1656
473		2634		1134232		1655
474		2644		1136623		1654
475		2634		1139015		1655
476		2644		1141406		1654
477		2645		1143797		1655
478		2650		1146191		1650
479		2637		1148585		1648
480		2651		1150978		1653
481		2645		1153369		1648
482		2650		1155761		1658
483		2649		1158155		1659
484		2648		1160548		1655
485		2648		1162940		1651
486		2648		1165333		1655
487		2654		1167725		1661
488		2662		1170118		1656
489		2654		1172511		1653
490		2659		1174906		1662
491		2654		1177300		1667
492		2658		1179692		1657
493		2641		1182083		1666
494		2648		1184478		1674
495		2646		1186869		1665
496		2643		1189259		1668
497		2644		1191654		1658
498		2646		1194047		1660
499		2640		1196441		1660
500		2649		1198835		1667
501		2646		1201226		1653
502		2651		1203617		1663
503		2648		1206006		1660
504		2643		1208401		1661
505		2649		1210796		1663
506		2643		1213190		1659
507		2645		1215584		1650
508		2647		1217977		1662
509		2646		1220371		1655
510		2639		1222763		1659
511		2637		1225157		1647
512		2651		1227550		1645
513		2644		1229945		1663
514		2644		1232337		1660
515		2641		1234731		1659
516		2634		1237124		1657
517		2639		1239514		1653
518		2636		1241907		1662
519		2638		1244302		1661
520		2638		1246697		1661
521		2643		1249090		1655
522		2636		1251482		1657
523		2634		1253875		1669
524		2637		1256267		1659
525		2649		1258658		1667
526		2644		1261052		1665
527		2643		1263445		1662
528		2644		1265839		1656
529		2643		1268233		1666
530		2647		1270628		1668
531		2647		1273023		1668
532		2627		1275416		1668
533		2633		1277809		1667
534		2636		1280204		1660
535		2639		1282598		1657
536		2637		1284990		1655
537		2633		1287383		1664
538		2635		1289778		1654
539		2630		1292170		1660
540		2628		1294562		1669
541		2633		1296955		1664
542		2632		1299348		1661
543		2624		1301739		1658
544		2623		1304131		1664
545		2624		1306525		1666
546		2618		1308917		1667
547		2632		1311312		1667
548		2630		1313704		1668
549		2627		1316098		1673
550		2638		1318490		1676
551		2637		1320884		1675
552		2629		1323278		1672
553		2630		1325672		1667
554		2632		1328064		1664
555		2627		1330456		1667
556		2633		1332848		1660
557		2626		1335243		1668
558		2631		1337638		1672
559		2640		1340030		1664
560		2637		1342422		1669
561		2635		1344816		1666
562		2623		1347209		1666
563		2634		1349599		1673
564		2627		1351992		1672
565		2631		1354386		1660
566		2628		1356776		1674
567		2632		1359169		1669
568		2632		1361564		1669
569		2626		1363959		1674
570		2620		1366352		1672
571		2630		1368746		1673
572		2620		1371139		1665
573		2612		1373534		1671
574		2608		1375928		1668
575		2617		1378322		1665
576		2606		1380716		1669
577		2613		1383109		1671
578		2611		1385500		1670
579		2609		1387893		1672
580		2608		1390285		1667
581		2615		1392680		1672
582		2606		1395075		1664
583		2615		1397468		1661
584		2611		1399861		1661
585		2611		1402253		1663
586		2605		1404646		1659
587		2623		1407041		1669
588		2625		1409433		1667
589		2620		1411826		1669
590		2612		1414219		1667
591		2611		1416611		1665
592		2615		1419004		1666
593		2622		1421397		1672
594		2617		1423790		1663
595		2610		1426183		1663
596		2610		1428575		1673
597		2611		1430970		1674
598		2603		1433362		1677
599		2609		1435755		1668
600		2603		1438149		1666
601		2594		1440544		1662
602		2592		1442938		1668
603		2595		1445329		1666
604		2590		1447722		1670
605		2597		1450114		1673
606		2592		1452508		1682
607		2594		1454902		1674
608		2597		1457295		1682
609		2599		1459690		1677
610		2585		1462084		1685
611		2595		1464477		1680
612		2590		1466871		1683
613		2592		1469259		1678
614		2589		1471651		1688
615		2592		1474043		1673
616		2584		1476437		1684
617		2591		1478830		1675
618		2590		1481221		1671
619		2591		1483613		1681
620		2584		1486003		1679
621		2592		1488397		1668
622		2576		1490790		1688
623		2589		1493185		1675
624		2584		1495578		1681
625		2586		1497969		1678
626		2581		1500362		1691
627		2582		1502756		1682
628		2582		1505148		1688
629		2592		1507540		1678
630		2579		1509934		1692
631		2583		1512327		1684
632		2573		1514718		1690
633		2578		1517110		1688
634		2564		1519501		1687
635		2584		1521893		1684
636		2577		1524286		1679
637		2586		1526680		1687
638		2578		1529071		1687
639		2585		1531466		1681
640		2566		1533860		1688
641		2572		1536252		1687
642		2561		1538646		1686
643		2562		1541040		1681
644		2559		1543432		1693
645		2567		1545823		1689
646		2566		1548218		1692
647		2564		1550608		1686
648		2553		1552999		1692
649		2564		1555394		1685
650		2553		1557788		1687
651		2569		1560182		1685
652		2555		1562575		1682
653		2564		1564966		1674
654		2557		1567358		1679
655		2566		1569750		1680
656		2555		1572139		1685
657		2563		1574534		1681
658		2555		1576926		1685
659		2566		1579319		1690
660		2558		1581712		1679
661		2554		1584105		1686
662		2555		1586499		1683
663		2563		1588892		1684
664		2565		1591285		1687
665		2566		1593678		1685
666		2550		1596071		1685
667		2562		1598465		1685
668		2547		1600858		1685
669		2558		1603252		1678
670		2554		1605645		1679
671		2573		1608039		1674
672		2552		1610429		1676
673		2565		1612817		1680
674		2552		1615210		1682
675		2551		1617605		1685
676		2542		1619997		1687
677		2546		1622391		1682
678		2546		1624781		1678
679		2556		1627172		1679
680		2551		1629563		1689
681		2554		1631956		1684
682		2541		1634349		1687
683		2554		1636742		1677
684		2543		1639135		1686
685		2552		1641528		1680
686		2554		1643921		1686
687		2550		1646316		1677
688		2547		1648711		1691
689		2556		1651102		1684
690		2558		1653497		1678
691		2561		1655891		1679
692		2550		1658283		1683
693		2564		1660677		1685
694		2549		1663069		1683
695		2549		1665461		1680
696		2543		1667856		1687
697		2555		1670248		1679
698		2548		1672642		1680
699		2555		1675033		1680
700		2547		1677426		1691
701		2543		1679818		1689
702		2532		1682213		1697
703		2545		1684606		1673
704		2542		1687001		1689
705		2553		1689395		1685
706		2545		1691790		1681
707		2556		1694183		1688
708		2540		1696577		1688
709		2553		1698968		1685
710		2541		1701362		1688
711		2552		1703755		1681
712		2544		1706149		1690
713		2556		1708544		1685
714		2538		1710937		1687
715		2548		1713331		1688
716		2538		1715724		1685
717		2547		1718117		1687
718		2542		1720509		1697
719		2543		1722902		1699
720		2538		1725294		1700
721		2549		1727688		1691
722		2545		1730081		1698
723		2552		1732475		1691
724		2540		1734867		1685
725		2547		1737260		1696
726		2540		1739654		1692
727		2554		1742049		1686
728		2545		1744441		1695
729		2555		1746834		1697
730		2538		1749226		1699
731		2543		1751619		1701
732		2536		1754012		1697
733		2550		1756404		1695
734		2531		1758798		1692
735		2547		1761192		1705
736		2540		1763587		1698
737		2555		1765981		1695
738		2537		1768374		1694
739		2545		1770767		1695
740		2539		1773154		1699
741		2541		1775547		1695
742		2531		1777942		1706
743		2536		1780335		1697
744		2534		1782729		1701
745		2538		1785122		1693
746		2528		1787514		1697
747		2539		1789908		1701
748		2520		1792300		1701
749		2530		1794693		1690
750		2527		1797087		1697
751		2521		1799481		1705
752		2523		1801873		1701
753		2538		1804267		1694
754		2522		1806661		1704
755		2524		1809053		1695
756		2520		1811446		1707
757		2535		1813840		1695
758		2524		1816233		1698
759		2530		1818626		1697
760		2524		1821020		1699
761		2537		1823415		1691
762		2528		1825806		1698
763		2536		1828201		1695
764		2525		1830596		1701
765		2538		1832990		1696
766		2538		1835385		1702
767		2546		1837777		1698
768		2531		1840172		1694
769		2535		1842565		1700
770		2531		1844958		1701
771		2537		1847351		1694
772		2530		1849745		1703
773		2541		1852139		1705
774		2539		1854532		1698
775		2549		1856924		1702
776		2534		1859317		1704
777		2531		1861711		1705
778		2529		1864106		1709
779		2532		1866498		1708
780		2523		1868893		1700
781		2536		1871285		1702
782		2536		1873676		1697
783		2542		1876071		1698
784		2538		1878463		1706
785		2537		1880857		1697
786		2533		1883249		1691
787		2535		1885638		1693
788		2528		1888033		1697
789		2545		1890427		1701
790		2535		1892820		1704
791		2541		1895213		1702
792		2543		1897604		1704
793		2549		1899995		1706
794		2540		1902387		1703
795		2538		1904782		1703
796		2531		1907176		1705
797		2536		1909569		1696
798		2533		1911961		1706
799		2530		1914356		1701
800		2528		1916750		1708
801		2537		1919144		1707
802		2527		1921538		1707
803		2533		1923931		1704
804		2517		1926324		1710
805		2528		1928717		1696
806		2525		1931110		1702
807		2529		1933504		1704
808		2527		1935898		1705
809		2522		1938292		1703
810		2515		1940686		1705
811		2516		1943080		1700
812		2514		1945474		1700
813		2512		1947865		1700
814		2516		1950259		1703
815		2523		1952653		1699
816		2505		1955048		1704
817		2513		1957441		1707
818		2496		1959835		1707
819		2518		1962228		1705
820		2501		1964622		1711
821		2511		1967016		1706
822		2506		1969409		1706
823		2509		1971800		1702
824		2502		1974192		1709
825		2500		1976585		1703
826		2495		1978979		1703
827		2507		1981372		1710
828		2505		1983765		1707
829		2507		1986159		1711
830		2500		1988553		1712
831		2507		1990947		1710
832		2500		1993340		1715
833		2498		1995730		1707
834		2501		1998123		1708
835		2504		2000517		1701
836		2494		2002911		1713
837		2503		2005305		1711
838		2497		2007700		1706
839		2498		2010095		1707
840		2494		2012488		1708
841		2496		2014882		1701
842		2498		2017277		1710
843		2489		2019669		1708
844		2496		2022061		1708
845		2488		2024455		1711
846		2486		2026848		1716
847		2495		2029241		1708
848		2492		2031635		1713
849		2495		2034029		1701
850		2483		2036417		1707
851		2492		2038807		1705
852		2488		2041202		1698
853		2492		2043596		1710
854		2491		2045990		1706
855		2489		2048385		1712
856		2482		2050776		1712
857		2502		2053167		1719
858		2494		2055559		1711
859		2497		2057951		1712
860		2486		2060345		1723
861		2494		2062737		1713
862		2489		2065129		1720
863		2491		2067521		1711
864		2486		2069914		1718
865		2488		2072309		1720
866		2492		2074703		1714
867		2493		2077098		1709
868		2491		2079493		1707
869		2490		2081884		1712
870		2481		2084277		1721
871		2492		2086669		1719
872		2470		2089063		1714
873		2488		2091457		1716
874		2483		2093851		1715
875		2487		2096245		1715
876		2489		2098638		1712
877		2501		2101032		1714
878		2495		2103426		1714
879		2494		2105820		1707
880		2494		2108213		1710
881		2494		2110608		1709
882		2483		2112999		1718
883		2492		2115390		1714
884		2488		2117783		1718
885		2495		2120176		1721
886		2481		2122570		1714
887		2492		2124964		1716
888		2492		2127356		1717
889		2499		2129749		1718
890		2479		2132141		1718
891		2491		2134535		1712
892		2492		2136929		1716
893		2496		2139321		1715
894		2495		2141716		1711
895		2488		2144109		1718
896		2495		2146503		1727
897		2487		2148896		1710
898		2488		2151289		1715
899		2488		2153683		1717
900		2488		2156076		1715
901		2494		2158469		1717
902		2498		2160862		1708
903		2490		2163256		1714
904		2495		2165650		1716
905		2506		2168043		1717
906		2504		2170435		1719
907		2491		2172830		1717
908		2489		2175222		1715
909		2503		2177615		1721
910		2498		2180007		1723
911		2493		2182401		1721
912		2490		2184793		1719
913		2491		2187188		1721
914		2490		2189580		1719
915		2487		2191971		1719
916		2489		2194364		1717
917		2478		2196755		1715
918		2478		2199149		1720
919		2490		2201542		1724
920		2484		2203932		1730
921		2491		2206326		1725
922		2491		2208719		1728
923		2489		2211113		1724
924		2487		2213508		1722
925		2486		2215902		1721
926		2482		2218295		1721
927		2495		2220689		1726
928		2491		2223079		1716
929		2489		2225469		1723
930		2487		2227862		1726
931		2486		2230253		1724
932		2480		2232645		1723
933		2485		2235040		1718
934		2483		2237434		1720
935		2492		2239827		1727
936		2487		2242218		1726
937		2494		2244612		1726
938		2496		2247005		1722
939		2488		2249400		1721
940		2483		2251792		1721
941		2481		2254186		1718
942		2485		2256578		1717
943		2493		2258972		1713
944		2488		2261362		1718
945		2490		2263755		1712
946		2488		2266147		1721
947		2498		2268541		1726
948		2485		2270934		1725
949		2490		2273326		1724
950		2484		2275717		1722
951		2491		2278112		1726
952		2487		2280503		1733
953		2489		2282897		1722
954		2475		2285292		1731
955		2481		2287683		1724
956		2483		2290076		1726
957		2486		2292468		1728
958		2482		2294863		1725
959		2490		2297257		1725
960		2486		2299651		1728
961		2492		2302044		1726
962		2491		2304439		1733
963		2488		2306833		1731
964		2478		2309224		1726
965		2490		2311618		1732
966		2483		2314011		1734
967		2492		2316405		1723
968		2481		2318798		1733
969		2487		2321193		1727
970		2492		2323587		1729
971		2491		2325981		1735
972		2491		2328373		1729
973		2494		2330766		1723
974		2487		2333159		1733
975		2499		2335553		1727
976		2487		2337947		1723
977		2499		2340341		1730
978		2493		2342734		1729
979		2488		2345128		1728
980		2488		2347523		1734
981		2492		2349914		1735
982		2482		2352308		1736
983		2484		2354701		1724
984		2473		2357094		1724
985		2490		2359487		1727
986		2491		2361878		1732
987		2496		2364272		1732
988		2489		2366665		1732
989		2498		2369059		1731
990		2483		2371453		1733
991		2502		2373847		1724
992		2488		2376241		1723
993		2499		2378636		1718
994		2500		2381030		1728
995		2499		2383424		1725
996		2491		2385815		1718
997		2490		2388209		1721
998		2492		2390603		1720
999		2493		2392997		1724
1000		2491		2395391		1727
1001		2508		2397785		1723
1002		2487		2400179		1728
1003		2498		2402572		1728
1004		2489		2404964		1733
1005		2500		2407358		1733
1006		2499		2409753		1730
1007		2500		2412144		1727
1008		2496		2414539		1732
1009		2504		2416931		1729
1010		2496		2419321		1726
1011		2504		2421714		1725
1012		2497		2424109		1734
1013		2504		2426503		1733
1014		2499		2428895		1727
1015		2497		2431289		1733
1016		2495		2433683		1734
1017		2500		2436076		1726
1018		2489		2438470		1734
1019		2492		2440861		1729
1020		2488		2443254		1729
1021		2495		2445648		1732
1022		2498		2448042		1733
1023		2503		2450436		1735
1024		2499		2452829		1736
1025		2497		2455221		1726
1026		2504		2457613		1724
1027		2496		2460004		1722
1028		2497		2462397		1726
1029		2512		2464791		1733
1030		2505		2467184		1728
1031		2504		2469578		1734
1032		2506		2471972		1724
1033		2498		2474367		1727
1034		2503		2476761		1737
1035		2501		2479155		1734
1036		2499		2481549		1731
1037		2500		2483944		1725
1038		2508		2486338		1731
1039		2502		2488730		1726
1040		2501		2491122		1734
1041		2500		2493515		1727
1042		2502		2495909		1733
1043		2513		2498302		1721
1044		2509		2500696		1730
1045		2513		2503091		1724
1046		2511		2505485		1725
1047		2515		2507879		1726
1048		2510		2510273		1727
1049		2513		2512666		1728
1050		2509		2515057		1730
1051		2510		2517449		1720
1052		2503		2519843		1729
1053		2505		2522235		1724
1054		2503		2524630		1732
1055		2501		2527024		1722
1056		2498		2529417		1725
1057		2506		2531809		1726
1058		2501		2534202		1725
1059		2497		2536595		1727
1060		2499		2538988		1722
1061		2503		2541380		1717
1062		2502		2543774		1723
1063		2496		2546167		1726
1064		2498		2548561		1721
1065		2498		2550953		1723
1066		2500		2553348		1731
1067		2500		2555743		1712
1068		2495		2558136		1724
1069		2493		2560528		1723
1070		2490		2562922		1722
1071		2509		2565316		1717
1072		2490		2567709		1728
1073		2493		2570104		1719
1074		2499		2572499		1723
1075		2491		2574892		1722
1076		2487		2577287		1723
1077		2486		2579682		1722
1078		2492		2582074		1726
1079		2493		2584467		1723
1080		2497		2586858		1721
1081		2497		2589251		1712
1082		2490		2591645		1718
1083		2482		2594038		1727
1084		2491		2596432		1730
1085		2488		2598827		1717
1086		2496		2601220		1729
1087		2492		2603614		1724
1088		2491		2606008		1730
1089		2489		2608402		1720
1090		2484		2610794		1722
1091		2477		2613187		1717
1092		2485		2615582		1716
1093		2483		2617976		1728
1094		2479		2620369		1719
1095		2479		2622763		1719
1096		2483		2625156		1718
1097		2481		2627551		1713
1098		2476		2629946		1723
1099		2481		2632340		1713
1100		2485		2634735		1722
1101		2476		2637130		1723
1102		2483		2639524		1717
1103		2479		2641917		1711
1104		2485		2644312		1718
1105		2479		2646705		1713
1106		2489		2649096		1722
1107		2482		2651491		1718
1108		2481		2653886		1729
1109		2484		2656281		1721
1110		2473		2658674		1729
1111		2479		2661066		1728
1112		2482		2663459		1725
1113		2483		2665853		1732
1114		2479		2668246		1730
1115		2480		2670639		1723
1116		2477		2673033		1728
1117		2482		2675428		1732
1118		2480		2677823		1735
1119		2484		2680216		1728
1120		2480		2682610		1737
1121		2487		2685004		1729
1122		2485		2687399		1731
1123		2488		2689790		1726
1124		2486		2692184		1726
1125		2487		2694579		1724
1126		2487		2696973		1727
1127		2484		2699363		1728
1128		2475		2701755		1728
1129		2476		2704148		1723
1130		2470		2706542		1727
1131		2474		2708934		1729
1132		2473		2711324		1734
1133		2484		2713719		1729
1134		2488		2716111		1736
1135		2497		2718502		1727
1136		2490		2720897		1726
1137		2483		2723289		1724
1138		2481		2725683		1726
1139		2478		2728078		1719
1140		2479		2730471		1718
1141		2484		2732863		1726
1142		2488		2735257		1723
1143		2496		2737647		1720
1144		2490		2740038		1720
1145		2488		2742431		1720
1146		2497		2744823		1729
1147		2489		2747216		1723
1148		2484		2749608		1722
1149		2487		2752002		1730
1150		2487		2754395		1723
1151		2492		2756789		1725
1152		2486		2759181		1728
1153		2482		2761575		1734
1154		2479		2763969		1741
1155		2480		2766362		1739
1156		2481		2768754		1739
1157		2477		2771145		1733
1158		2486		2773536		1735
1159		2490		2775929		1734
1160		2490		2778322		1730
1161		2490		2780716		1729
1162		2495		2783107		1726
1163		2493		2785501		1726
1164		2491		2787896		1718
1165		2481		2790290		1728
1166		2488		2792684		1720
1167		2486		2795077		1733
1168		2477		2797465		1733
1169		2480		2799859		1730
1170		2478		2802249		1735
1171		2470		2804641		1735
1172		2474		2807034		1735
1173		2483		2809429		1732
1174		2481		2811822		1735
1175		2476		2814215		1737
1176		2481		2816607		1736
1177		2481		2819001		1732
1178		2471		2821394		1729
1179		2471		2823788		1737
1180		2477		2826181		1730
1181		2472		2828574		1724
1182		2470		2830969		1732
1183		2474		2833362		1734
1184		2476		2835757		1731
1185		2470		2838149		1738
1186		2477		2840542		1726
1187		2469		2842937		1737
1188		2470		2845330		1730
1189		2476		2847724		1743
1190		2470		2850117		1735
1191		2473		2852507		1741
1192		2474		2854898		1735
1193		2468		2857293		1736
1194		2474		2859687		1732
1195		2475		2862078		1739
1196		2473		2864472		1732
1197		2474		2866867		1737
1198		2475		2869259		1735
1199		2473		2871654		1738
1200		2474		2874048		1739
1201		2478		2876441		1732
1202		2472		2878831		1744
1203		2475		2881225		1736
1204		2476		2883617		1738
1205		2477		2886011		1743
1206		2465		2888405		1739
1207		2468		2890798		1741
1208		2467		2893191		1735
1209		2470		2895584		1737
1210		2462		2897977		1739
1211		2469		2900370		1737
1212		2479		2902763		1736
1213		2474		2905155		1735
1214		2467		2907548		1738
1215		2462		2909943		1739
1216		2465		2912335		1737
1217		2463		2914728		1736
1218		2463		2917122		1739
1219		2463		2919515		1745
1220		2468		2921909		1748
1221		2463		2924303		1747
1222		2459		2926693		1755
1223		2467		2929087		1743
1224		2474		2931481		1743
1225		2464		2933875		1742
1226		2472		2936267		1742
1227		2465		2938658		1744
1228		2480		2941051		1746
1229		2473		2943444		1745
1230		2471		2945839		1744
1231		2474		2948232		1750
1232		2477		2950624		1751
1233		2473		2953019		1751
1234		2478		2955413		1754
1235		2477		2957804		1747
1236		2477		2960198		1752
1237		2469		2962592		1741
1238		2467		2964985		1751
1239		2465		2967380		1745
1240		2461		2969771		1750
1241		2464		2972163		1746
1242		2473		2974556		1744
1243		2470		2976949		1749
1244		2469		2979342		1758
1245		2463		2981736		1752
1246		2471		2984131		1752
1247		2468		2986525		1755
1248		2467		2988919		1751
1249		2474		2991314		1751
1250		2465		2993706		1746
1251		2463		2996098		1745
1252		2464		2998492		1748
1253		2464		3000886		1746
1254		2458		3003280		1745
1255		2460		3005672		1739
1256		2464		3008065		1735
1257		2458		3010459		1739
1258		2458		3012852		1744
1259		2453		3015247		1741
1260		2446		3017640		1743
1261		2449		3020034		1738
1262		2452		3022427		1750
1263		2455		3024821		1739
1264		2451		3027214		1750
1265		2458		3029608		1742
1266		2452		3032000		1746
1267		2450		3034394		1744
1268		2455		3036787		1745
1269		2453		3039182		1748
1270		2459		3041574		1747
1271		2456		3043969		1749
1272		2462		3046358		1756
1273		2464		3048751		1753
1274		2456		3051143		1758
1275		2451		3053535		1755
1276		2442		3055930		1752
1277		2449		3058325		1755
1278		2448		3060719		1752
1279		2449		3063112		1757
1280		2458		3065505		1750
1281		2453		3067900		1757
1282		2458		3070294		1753
1283		2455		3072688		1747
1284		2450		3075082		1755
1285		2457		3077475		1748
1286		2444		3079866		1756
1287		2452		3082261		1754
1288		2455		3084656		1755
1289		2454		3087046		1747
1290		2445		3089441		1757
1291		2447		3091832		1749
1292		2443		3094227		1754
1293		2447		3096618		1746
1294		2442		3099008		1755
1295		2442		3101402		1749
1296		2443		3103796		1763
1297		2447		3106189		1744
1298		2450		3108584		1752
1299		2444		3110977		1746
1300		2447		3113370		1757
1301		2459		3115764		1743
1302		2448		3118159		1758
1303		2445		3120553		1750
1304		2443		3122946		1756
1305		2444		3125341		1746
1306		2442		3127734		1760
1307		2448		3130128		1759
1308		2449		3132521		1755
1309		2452		3134913		1754
1310		2446		3137307		1750
1311		2440		3139697		1751
1312		2442		3142090		1746
1313		2451		3144484		1748
1314		2448		3146877		1761
1315		2450		3149271		1755
1316		2452		3151662		1760
1317		2450		3154056		1754
1318		2452		3156450		1752
1319		2454		3158843		1756
1320		2440		3161237		1759
1321		2443		3163628		1750
1322		2448		3166022		1757
1323		2443		3168415		1755
1324		2448		3170809		1756
1325		2446		3173200		1760
1326		2447		3175594		1753
1327		2449		3177986		1757
1328		2447		3180380		1761
1329		2443		3182775		1759
1330		2437		3185170		1760
1331		2444		3187565		1761
1332		2449		3189959		1764
1333		2451		3192352		1760
1334		2443		3194744		1764
1335		2441		3197136		1755
1336		2440		3199529		1760
1337		2444		3201922		1759
1338		2445		3204316		1755
1339		2446		3206709		1750
1340		2446		3209099		1751
1341		2442		3211493		1757
1342		2434		3213886		1756
1343		2435		3216279		1749
1344		2441		3218671		1756
1345		2437		3221065		1760
1346		2435		3223455		1755
1347		2434		3225849		1762
1348		2442		3228244		1765
1349		2432		3230637		1761
1350		2434		3233031		1759
1351		2435		3235426		1762
1352		2438		3237821		1760
1353		2434		3240213		1757
1354		2439		3242607		1765
1355		2441		3245002		1756
1356		2440		3247396		1759
1357		2443		3249790		1762
1358		2433		3252184		1763
1359		2432		3254576		1763
1360		2428		3256968		1762
1361		2424		3259362		1759
1362		2431		3261756		1766
1363		2437		3264149		1760
1364		2436		3266541		1759
1365		2426		3268934		1752
1366		2426		3271328		1765
1367		2423		3273722		1764
1368		2430		3276116		1760
1369		2434		3278511		1759
1370		2430		3280906		1765
1371		2428		3283298		1761
1372		2434		3285687		1763
1373		2432		3288079		1762
1374		2435		3290472		1768
1375		2422		3292863		1760
1376		2432		3295257		1764
1377		2428		3297649		1762
1378		2431		3300042		1759
1379		2426		3302436		1759
1380		2433		3304831		1767
1381		2432		3307226		1763
1382		2434		3309621		1771
1383		2431		3312011		1763
1384		2427		3314404		1768
1385		2427		3316799		1763
1386		2431		3319193		1764
1387		2427		3321587		1766
1388		2427		3323980		1773
1389		2428		3326374		1773
1390		2432		3328769		1775
1391		2425		3331163		1771
1392		2431		3333555		1772
1393		2432		3335949		1773
1394		2434		3338339		1774
1395		2434		3340732		1763
1396		2436		3343126		1771
1397		2428		3345519		1770
1398		2431		3347912		1775
1399		2427		3350306		1773
1400		2428		3352700		1772
1401		2424		3355093		1769
1402		2424		3357486		1771
1403		2433		3359881		1773
1404		2426		3362273		1767
1405		2424		3364665		1777
1406		2433		3367057		1775
1407		2424		3369450		1765
1408		2429		3371845		1772
1409		2422		3374239		1769
1410		2427		3376632		1771
1411		2416		3379026		1767
1412		2418		3381418		1766
1413		2414		3383810		1774
1414		2416		3386203		1773
1415		2415		3388593		1768
1416		2419		3390987		1776
1417		2423		3393381		1768
1418		2430		3395776		1766
1419		2414		3398169		1761
1420		2422		3400561		1768
1421		2419		3402955		1767
1422		2416		3405348		1771
1423		2411		3407742		1772
1424		2415		3410137		1779
1425		2409		3412531		1772
1426		2415		3414926		1768
1427		2415		3417318		1764
1428		2415		3419710		1769
1429		2401		3422104		1762
1430		2412		3424498		1769
1431		2408		3426890		1762
1432		2417		3429281		1775
1433		2412		3431676		1770
1434		2422		3434071		1772
1435		2408		3436466		1773
1436		2403		3438859		1771
1437		2409		3441254		1766
1438		2414		3443645		1777
1439		2408		3446038		1775
1440		2405		3448433		1779
1441		2403		3450825		1775
1442		2402		3453217		1783
1443		2395		3455609		1774
1444		2409		3458000		1783
1445		2401		3460394		1782
1446		2406		3462789		1783
1447		2401		3465179		1773
1448		2406		3467572		1777
1449		2406		3469967		1778
1450		2403		3472362		1783
1451		2396		3474756		1775
1452		2407		3477150		1780
1453		2401		3479543		1775
1454		2410		3481936		1782
1455		2398		3484328		1773
1456		2405		3486722		1779
1457		2390		3489116		1776
1458		2406		3491509		1778
1459		2401		3493904		1776
1460		2405		3496299		1778
1461		2402		3498694		1776
1462		2405		3501089		1779
1463		2400		3503484		1774
1464		2395		3505877		1781
1465		2399		3508269		1773
1466		2409		3510664		1776
1467		2405		3513057		1774
1468		2407		3515451		1776
1469		2407		3517844		1777
1470		2413		3520237		1773
1471		2400		3522632		1776
1472		2404		3525026		1781
1473		2395		3527420		1778
1474		2406		3529813		1779
1475		2400		3532206		1777
1476		2395		3534601		1782
1477		2401		3536994		1779
1478		2407		3539385		1777
1479		2398		3541776		1776
1480		2405		3544169		1778
1481		2402		3546562		1779
1482		2398		3548953		1783
1483		2398		3551345		1776
1484		2405		3553737		1778
1485		2399		3556132		1775
1486		2404		3558526		1777
1487		2405		3560921		1777
1488		2404		3563315		1780
1489		2398		3565708		1775
1490		2400		3568102		1778
1491		2403		3570494		1778
1492		2400		3572889		1786
1493		2396		3575282		1773
1494		2406		3577673		1781
1495		2401		3580066		1773
1496		2402		3582461		1778
1497		2400		3584854		1775
1498		2401		3587247		1775
1499		2395		3589640		1775
1500		2402		3592035		1776
1501		2402		3594429		1777
1502		2394		3596824		1774
1503		2400		3599215		1769
1504		2404		3601609		1776
1505		2401		3604003		1778
1506		2403		3606393		1771
1507		2405		3608787		1773
1508		2410		3611180		1774
1509		2406		3613575		1772
1510		2405		3615968		1778
1511		2395		3618359		1772
1512		2397		3620750		1778
1513		2396		3623142		1774
1514		2402		3625536		1782
1515		2395		3627931		1767
1516		2399		3630326		1777
1517		2400		3632719		1775
1518		2407		3635112		1775
1519		2395		3637505		1768
1520		2403		3639900		1772
1521		2398		3642294		1772
1522		2395		3644688		1777
1523		2394		3647083		1770
1524		2398		3649477		1775
1525		2400		3651868		1773
1526		2403		3654261		1779
1527		2408		3656655		1776
1528		2405		3659048		1773
1529		2397		3661440		1774
1530		2402		3663833		1783
1531		2392		3666226		1776
1532		2398		3668620		1784
1533		2390		3671014		1776
1534		2395		3673408		1781
1535		2395		3675800		1766
1536		2398		3678194		1777
1537		2388		3680588		1770
1538		2403		3682983		1777
1539		2399		3685376		1773
1540		2407		3687770		1773
1541		2403		3690163		1773
1542		2399		3692556		1778
1543		2401		3694951		1774
1544		2407		3697346		1780
1545		2399		3699741		1779
1546		2400		3702134		1777
1547		2400		3704522		1778
1548		2404		3706916		1779
1549		2394		3709310		1776
1550		2398		3711704		1774
1551		2398		3714097		1772
1552		2399		3716490		1782
1553		2398		3718885		1770
1554		2398		3721279		1780
1555		2402		3723670		1774
1556		2400		3726065		1773
1557		2394		3728458		1772
1558		2404		3730851		1772
1559		2396		3733244		1773
1560		2398		3735637		1776
1561		2400		3738031		1774
1562		2405		3740425		1780
1563		2398		3742816		1781
1564		2401		3745210		1783
1565		2400		3747603		1775
1566		2403		3749998		1777
1567		2404		3752391		1775
1568		2396		3754781		1781
1569		2397		3757175		1778
1570		2403		3759569		1781
1571		2398		3761964		1779
1572		2401		3764356		1777
1573		2399		3766750		1774
1574		2400		3769141		1774
1575		2395		3771534		1772
1576		2409		3773929		1775
1577		2392		3776322		1776
1578		2401		3778715		1772
1579		2390		3781106		1769
1580		2393		3783500		1775
1581		2395		3785892		1771
1582		2394		3788284		1775
1583		2392		3790677		1765
1584		2398		3793067		1771
1585		2395		3795461		1767
1586		2393		3797855		1768
1587		2390		3800249		1764
1588		2394		3802640		1771
1589		2389		3805035		1766
1590		2395		3807428		1769
1591		2388		3809819		1768
1592		2388		3812214		1769
1593		2382		3814609		1768
1594		2391		3817003		1770
1595		2386		3819394		1767
1596		2396		3821786		1771
1597		2384		3824177		1768
1598		2396		3826570		1767
1599		2391		3828961		1771
1600		2395		3831356		1777
1601		2392		3833750		1772
1602		2394		3836145		1773
1603		2388		3838539		1776
1604		2394		3840930		1775
1605		2385		3843323		1778
1606		2385		3845717		1780
1607		2376		3848111		1771
1608		2388		3850505		1772
1609		2382		3852897		1769
1610		2383		3855289		1773
1611		2379		3857683		1772
1612		2388		3860076		1779
1613		2377		3862471		1774
1614		2377		3864865		1770
1615		2380		3867260		1764
1616		2386		3869653		1775
1617		2379		3872046		1767
1618		2384		3874440		1773
1619		2381		3876834		1772
1620		2385		3879226		1772
1621		2381		3881619		1770
1622		2381		3884014		1771
1623		2382		3886409		1765
1624		2389		3888802		1766
1625		2388		3891193		1771
1626		2381		3893586		1775
1627		2379		3895980		1773
1628		2379		3898372		1772
1629		2371		3900765		1762
1630		2377		3903160		1772
1631		2383		3905554		1772
1632		2375		3907944		1774
1633		2379		3910337		1773
1634		2383		3912730		1773
1635		2377		3915123		1767
1636		2387		3917517		1765
1637		2377		3919909		1763
1638		2383		3922304		1768
1639		2379		3924698		1769
1640		2387		3927090		1766
1641		2381		3929482		1766
1642		2380		3931876		1765
1643		2371		3934270		1766
1644		2377		3936663		1763
1645		2375		3939057		1766
1646		2382		3941451		1772
1647		2378		3943845		1763
1648		2377		3946240		1762
1649		2374		3948632		1755
1650		2383		3951025		1761
1651		2378		3953420		1763
1652		2386		3955812		1768
1653		2376		3958207		1755
1654		2384		3960600		1767
1655		2380		3962995		1762
1656		2387		3965390		1760
1657		2383		3967783		1768
1658		2382		3970177		1763
1659		2377		3972568		1756
1660		2378		3974962		1765
1661		2374		3977354		1762
1662		2379		3979748		1766
1663		2375		3982141		1760
1664		2379		3984536		1766
1665		2377		3986930		1761
1666		2375		3989324		1761
1667		2375		3991719		1768
1668		2384		3994112		1770
1669		2380		3996504		1762
1670		2373		3998896		1766
1671		2370		4001289		1773
1672		2372		4003683		1772
1673		2371		4006076		1770
1674		2375		4008470		1766
1675		2372		4010862		1771
1676		2371		4013256		1770
1677		2373		4015651		1766
1678		2373		4018045		1773
1679		2374		4020440		1767
1680		2370		4022831		1768
1681		2373		4025224		1766
1682		2367		4027618		1772
1683		2367		4030012		1765
1684		2367		4032407		1769
1685		2362		4034801		1769
1686		2370		4037193		1765
1687		2370		4039586		1765
1688		2368		4041981		1775
1689		2374		4044375		1772
1690		2381		4046768		1764
1691		2372		4049161		1762
1692		2370		4051552		1765
1693		2376		4053947		1761
1694		2373		4056338		1769
1695		2374		4058733		1767
1696		2374		4061123		1769
1697		2367		4063517		1767
1698		2372		4065912		1770
1699		2376		4068306		1765
1700		2373		4070696		1768
1701		2366		4073086		1763
1702		2364		4075481		1767
1703		2362		4077872		1765
1704		2366		4080266		1767
1705		2372		4082659		1769
1706		2366		4085053		1768
1707		2370		4087448		1764
1708		2365		4089841		1769
1709		2366		4092236		1764
1710		2368		4094629		1774
1711		2367		4097020		1768
1712		2373		4099412		1771
1713		2369		4101805		1760
1714		2365		4104199		1767
1715		2368		4106594		1766
1716		2369		4108987		1763
1717		2374		4111381		1770
1718		2375		4113776		1769
1719		2373		4116170		1763
1720		2378		4118564		1771
1721		2378		4120959		1767
1722		2382		4123349		1764
1723		2382		4125739		1773
1724		2383		4128132		1771
1725		2375		4130526		1765
1726		2375		4132919		1764
1727		2383		4135314		1759
1728		2376		4137706		1768
1729		2377		4140099		1762
1730		2383		4142490		1765
1731		2375		4144883		1761
1732		2378		4147276		1764
1733		2374		4149668		1762
1734		2377		4152058		1761
1735		2377		4154453		1757
1736		2376		4156847		1758
1737		2378		4159241		1761
1738		2373		4161631		1756
1739		2381		4164026		1756
1740		2378		4166417		1764
1741		2381		4168811		1759
1742		2382		4171203		1760
1743		2377		4173594		1753
1744		2374		4175988		1758
1745		2374		4178380		1764
1746		2384		4180774		1764
1747		2380		4183168		1762
1748		2384		4185561		1762
1749		2383		4187954		1759
1750		2375		4190348		1763
1751		2385		4192743		1760
1752		2374		4195136		1767
1753		2384		4197530		1764
1754		2383		4199923		1762
1755		2376		4202318		1769
1756		2376		4204711		1767
1757		2376		4207104		1770
1758		2377		4209495		1765
1759		2370		4211890		1766
1760		2375		4214283		1767
1761		2376		4216673		1763
1762		2381		4219065		1770
1763		2377		4221457		1767
1764		2375		4223852		1769
1765		2376		4226244		1765
1766		2384		4228638		1765
1767		2374		4231032		1763
1768		2383		4233427		1768
1769		2376		4235820		1771
1770		2377		4238211		1773
1771		2373		4240603		1765
1772		2380		4242998		1761
1773		2375		4245391		1765
1774		2369		4247785		1766
1775		2372		4250176		1767
1776		2375		4252569		1768
1777		2377		4254963		1761
1778		2375		4257358		1763
1779		2375		4259752		1765
1780		2373		4262145		1768
1781		2375		4264537		1767
1782		2380		4266932		1773
1783		2380		4269323		1772
1784		2375		4271716		1776
1785		2374		4274108		1767
1786		2374		4276502		1770
1787		2377		4278896		1767
1788		2380		4281290		1767
1789		2378		4283684		1770
1790		2381		4286077		1772
1791		2381		4288471		1760
1792		2380		4290863		1769
1793		2380		4293257		1767
1794		2374		4295650		1772
1795		2380		4298045		1766
1796		2376		4300439		1771
1797		2378		4302831		1767
1798		2370		4305225		1777
1799		2378		4307616		1760
1800		2379		4310010		1775
1801		2376		4312401		1767
1802		2374		4314794		1772
1803		2370		4317189		1767
1804		2380		4319583		1773
1805		2378		4321977		1770
1806		2377		4324369		1765
1807		2378		4326762		1764
1808		2371		4329157		1769
1809		2376		4331551		1758
1810		2377		4333944		1768
1811		2372		4336338		1765
1812		2376		4338732		1770
1813		2375		4341127		1766
1814		2373		4343522		1759
1815		2377		4345915		1758
1816		2381		4348308		1765
1817		2381		4350703		1766
1818		2381		4353098		1764
1819		2385		4355490		1765
1820		2382		4357883		1767
1821		2386		4360277		1768
1822		2375		4362671		1766
1823		2381		4365066		1763
1824		2381		4367458		1771
1825		2375		4369851		1766
1826		2373		4372245		1768
1827		2376		4374636		1764
1828		2377		4377029		1773
1829		2374		4379423		1765
1830		2372		4381817		1759
1831		2382		4384211		1760
1832		2380		4386603		1764
1833		2383		4388998		1769
1834		2377		4391393		1770
1835		2383		4393785		1761
1836		2382		4396179		1763
1837		2377		4398573		1761
1838		2378		4400965		1766
1839		2383		4403359		1763
1840		2376		4405751		1764
1841		2373		4408144		1763
1842		2383		4410538		1766
1843		2375		4412932		1763
1844		2382		4415324		1771
1845		2378		4417718		1768
1846		2383		4420111		1769
1847		2374		4422506		1764
1848		2377		4424899		1765
1849		2375		4427294		1758
1850		2376		4429689		1765
1851		2379		4432081		1759
1852		2381		4434476		1766
1853		2371		4436871		1763
1854		2378		4439263		1766
1855		2379		4441657		1765
1856		2375		4444050		1768
1857		2372		4446443		1761
1858		2373		4448836		1765
1859		2374		4451228		1760
1860		2376		4453622		1763
1861		2374		4456013		1762
1862		2377		4458406		1766
1863		2379		4460800		1765
1864		2371		4463194		1768
1865		2368		4465588		1761
1866		2378		4467979		1764
1867		2375		4470372		1764
1868		2373		4472764		1770
1869		2377		4475156		1763
1870		2373		4477550		1761
1871		2382		4479942		1761
1872		2376		4482336		1765
1873		2380		4484731		1762
1874		2388		4487126		1766
1875		2378		4489521		1767
1876		2367		4491913		1761
1877		2373		4494306		1755
1878		2378		4496699		1759
1879		2376		4499093		1761
1880		2372		4501486		1772
1881		2373		4503879		1767
1882		2370		4506272		1758
1883		2369		4508664		1762
1884		2369		4511058		1764
1885		2368		4513452		1756
1886		2371		4515845		1765
1887		2368		4518238		1755
1888		2367		4520632		1757
1889		2366		4523026		1761
1890		2363		4525419		1758
1891		2372		4527812		1758
1892		2372		4530205		1769
1893		2365		4532598		1758
1894		2366		4534993		1764
1895		2364		4537387		1769
1896		2359		4539780		1769
1897		2365		4542173		1767
1898		2367		4544567		1768
1899		2361		4546962		1766
1900		2359		4549356		1767
1901		2364		4551749		1766
1902		2361		4554142		1772
1903		2361		4556534		1763
1904		2365		4558928		1768
1905		2369		4561321		1769
1906		2369		4563714		1771
1907		2367		4566108		1766
1908		2372		4568498		1770
1909		2369		4570891		1769
1910		2367		4573285		1769
1911		2369		4575679		1767
1912		2368		4578071		1768
1913		2370		4580464		1769
1914		2366		4582856		1768
1915		2361		4585247		1771
1916		2356		4587639		1772
1917		2361		4590032		1768
1918		2364		4592424		1774
1919		2360		4594818		1770
1920		2359		4597211		1769
1921		2364		4599605		1770
1922		2353		4602000		1771
1923		2352		4604392		1772
1924		2360		4606786		1773
1925		2363		4609178		1766
1926		2364		4611572		1774
1927		2362		4613964		1764
1928		2359		4616354		1776
1929		2361		4618748		1770
1930		2363		4621142		1774
1931		2368		4623537		1768
1932		2369		4625928		1776
1933		2367		4628322		1772
1934		2365		4630715		1778
1935		2359		4633108		1766
1936		2361		4635501		1774
1937		2364		4637896		1769
1938		2364		4640289		1771
1939		2360		4642683		1770
1940		2358		4645076		1777
1941		2360		4647469		1771
1942		2353		4649864		1776
1943		2357		4652259		1773
1944		2362		4654654		1773
1945		2354		4657048		1773
1946		2356		4659441		1773
1947		2359		4661833		1772
1948		2363		4664225		1775
1949		2359		4666619		1774
1950		2368		4669012		1769
1951		2368		4671405		1771
1952		2358		4673800		1775
1953		2358		4676194		1767
1954		2357		4678587		1767
1955		2354		4680982		1769
1956		2356		4683375		1770
1957		2360		4685767		1767
1958		2357		4688160		1770
1959		2362		4690554		1764
1960		2362		4692946		1768
1961		2360		4695339		1767
1962		2361		4697732		1770
1963		2359		4700124		1768
1964		2352		4702518		1767
1965		2356		4704912		1759
1966		2361		4707304		1767
1967		2357		4709696		1768
1968		2360		4712090		1768
1969		2355		4714484		1765
1970		2355		4716879		1766
1971		2352		4719272		1767
1972		2363		4721666		1769
1973		2358		4724060		1764
1974		2357		4726453		1770
1975		2368		4728848		1768
1976		2363		4731241		1771
1977		2364		4733633		1765
1978		2359		4736028		1774
1979		2357		4738422		1771
1980		2360		4740816		1770
1981		2359		4743210		1770
1982		2361		4745604		1770
1983		2362		4747998		1771
1984		2361		4750391		1768
1985		2357		4752783		1763
1986		2359		4755178		1768
1987		2362		4757572		1764
1988		2358		4759965		1766
1989		2363		4762359		1763
1990		2361		4764753		1765
1991		2372		4767146		1764
1992		2361		4769540		1761
1993		2368		4771933		1764
1994		2361		4774326		1765
1995		2356		4776720		1767
1996		2367		4779115		1765
1997		2361		4781506		1760
1998		2361		4783901		1764
1999		2356		4786294		1762
